0.0124263158234097 0.00570734356541285 0.00734220575809583 0.00871611848984688
0.00643888513075954 0.00335125548697787 0.000584283596508294 0.00479322980239871
0.00734401483481456 0.00393153546091735 0.00513274050049873 0.00480800027865914
0.00664562361476411 0.00365530740532458 0.00555970888810518 0.00635974568989443
0.00591272852712665 0.00572121607381047 0.00587906568309896 0.00564134949799304
0.00435195963395291 0.00307090992020929 0.000448418868699963 0.00381888648761088
0.000517991666577892 0.000444424006793228 0.000531715243720217 0.000663992480408356
0.00325342517357325 0.00360878390936906 0.00453924944814837 0.00480800027865914
0.0083600501404229 0.00409967884814535 0.00692418638680019 0.00509556025064745
0.00524064119495991 0.00373818764889621 0.000499559233569624 0.00472193991475385
0.00604841804169346 0.00373890164285542 0.00436790403893154 0.00381888648761088
0.00366091422905333 0.00332167511147767 0.00443208026897055 0.00479322980239871
0.00623188820722372 0.00346279185620067 0.00390987910426505 0.00684011031285516
0.0044614941918913 0.00341123974021343 0.000406985317410702 0.00509556025064745
0.00512686647657665 0.00355244409155719 0.00454731801792053 0.00564134949799304
0.00511282313526855 0.00434995344233746 0.00404155185526994 0.00871611848984688
0.00689166680917344 0.00322113775349151 0.00452088710043672 0.00404155185526994
0.0074627437076019 0.00340147598232953 0.000781889090298457 0.00443208026897055
0.00650948730643142 0.0043686355542149 0.00523049634827571 0.00453924944814837
0.00452717725580741 0.00390353200459087 0.00487954422550421 0.00555970888810518
0.0044106604501943 0.00388785918013659 0.00528864524280631 0.00454731801792053
0.00485998604741915 0.00347227965322917 0.000620311819296557 0.00436790403893154
0.000501000362481154 0.00042125205560175 0.000543235514350385 0.000531715243720217
0.00309246114891668 0.00451897727610411 0.00523049634827571 0.00513274050049873
0.000521596679022237 0.000323794070335361 0.000611757032779174 0.000406985317410702
0.000462129304849174 0.000473045089796085 0.000130713458507542 0.000499559233569624
0.00050361980044193 0.000424830786059866 0.000620311819296557 0.000448418868699963
0.000377680902765902 0.000414944378906905 0.000781889090298457 0.000584283596508294
0.00385498479569575 0.00272886301043822 0.00312000029015313 0.00390987910426505
0.00526065930780397 0.0046165622909706 0.000611757032779174 0.00692418638680019
0.00532859824220469 0.0041560055249641 0.00528864524280631 0.00587906568309896
0.00394203511441565 0.00541184205325249 0.00452088710043672 0.00734220575809583
0.00732367695780473 0.00326000005046141 0.00541184205325249 0.00434995344233746
0.0042985371166124 0.00238207658248395 0.000414944378906905 0.00332167511147767
0.00615085208301912 0.00312466972303973 0.00451897727610411 0.00360878390936906
0.00341371900758099 0.00239897151929785 0.00390353200459087 0.00365530740532458
0.00349035289909231 0.00261879405211318 0.0041560055249641 0.00355244409155719
0.00366967927146054 0.00250310512906628 0.000424830786059866 0.00373890164285542
0.000345494230298042 0.000352550943600399 0.00042125205560175 0.000444424006793228
0.00277165884468033 0.00312466972303973 0.0043686355542149 0.00393153546091735
0.00543419488253985 0.00260322635560382 0.0046165622909706 0.00341123974021343
0.00360686970470541 0.00252250561523396 0.000473045089796085 0.00373818764889621
0.0042756849295867 0.00250310512906628 0.00347227965322917 0.00307090992020929
0.00254932638218017 0.00238207658248395 0.00340147598232953 0.00335125548697787
0.00330085977838469 0.002044874318841 0.00272886301043822 0.00346279185620067
0.00338895699622268 0.00260322635560382 0.000323794070335361 0.00409967884814535
0.00384070491651159 0.00261879405211318 0.00388785918013659 0.00572121607381047
0.00297047769016804 0.00326000005046141 0.00322113775349151 0.00570734356541285
0.0075822391383209 0.00297047769016804 0.00394203511441565 0.00511282313526855
0.00495840332518288 0.00254932638218017 0.000377680902765902 0.00366091422905333
0.00449333919853819 0.00277165884468033 0.00309246114891668 0.00325342517357325
0.00586093987326336 0.00341371900758099 0.00452717725580741 0.00664562361476411
0.00487510695016263 0.00384070491651159 0.00532859824220469 0.00512686647657665
0.00525056264476118 0.0042756849295867 0.00050361980044193 0.00604841804169346
0.00050007173230108 0.000345494230298042 0.000501000362481154 0.000517991666577892
0.00449333919853819 0.00615085208301912 0.00650948730643142 0.00734401483481456
0.006052044955793 0.00338895699622268 0.00526065930780397 0.0044614941918913
0.00450950262006873 0.00360686970470541 0.000462129304849174 0.00524064119495991
0.00525056264476118 0.00366967927146054 0.00485998604741915 0.00435195963395291
0.00495840332518288 0.0042985371166124 0.0074627437076019 0.00643888513075954
0.00623168233166493 0.00330085977838469 0.00385498479569575 0.00623188820722372
0.006052044955793 0.00543419488253985 0.000521596679022237 0.0083600501404229
0.00487510695016263 0.00349035289909231 0.0044106604501943 0.00591272852712665
0.0075822391383209 0.00732367695780473 0.00689166680917344 0.0124263158234097
