0.0101016858608361 0.0053627653489903 0.02764 0.02755 0.02569 0.01606 0.0106194690265487 0.0155 0.0275836323288467 0.0204 0.0277
0.0107151856815683 0.00582102225510854 0.0239 0.02562 0.02558 0.01587 0.0145871827287756 0.0154 0.0428272186158409 0.02 0.02982
0.011132692627422 0.00623525406862088 0.02345 0.02366 0.02388 0.01552 0.0181075561606535 0.01522 0.0591492627081735 0.01932 0.02665
0.0112885453686339 0.0064440668740214 0.02117 0.02198 0.02126 0.01504 0.0224059126713994 0.01496 0.066947342223697 0.01852 0.02458
0.0110211922561258 0.00634772073988175 0.02056 0.02074 0.02136 0.01446 0.0210833414373237 0.01465 0.0525955575834249 0.0177 0.0233
0.0105808896788071 0.00617256309092728 0.01901 0.01945 0.02043 0.01384 0.0191967324710688 0.01429 0.0450048737996972 0.01689 0.02247
0.0104550181485438 0.0060979938227233 0.01828 0.01836 0.01783 0.01321 0.0173879218127006 0.0139 0.0362112947715536 0.01611 0.01919
0.0102245840478649 0.00593490300857301 0.01712 0.0173 0.0173 0.01259 0.0137119517650491 0.01351 0.0278325072070017 0.01536 0.01933
0.0101304281787703 0.00585590294946438 0.01649 0.01632 0.01673 0.012 0.0101915783331713 0.01311 0.0193085426301927 0.01465 0.01845
0.0101569404892785 0.00583751988081738 0.01571 0.01533 0.01497 0.01146 0.0125838763006905 0.01272 0.0172138457390547 0.01402 0.01686
0.0102047617596344 0.00613871939018742 0.0148 0.01449 0.01457 0.01097 0.0136730526111057 0.01234 0.0176908559221851 0.01345 0.0162
0.010514732791838 0.0064318114949234 0.01391 0.01382 0.0142 0.01052 0.018788291354663 0.01198 0.0211336250699961 0.01294 0.01622
0.0106975934007638 0.00691165672268349 0.01357 0.0133 0.013 0.01012 0.0252650004862394 0.01163 0.0245349150714478 0.01248 0.01376
0.0114463803386688 0.00730496011958233 0.01273 0.01269 0.01279 0.00975 0.0274044539531265 0.01131 0.0266918306821246 0.01203 0.01266
0.0116111531095843 0.00740074062084054 0.01234 0.01217 0.01255 0.00942 0.0283963823786833 0.011 0.0258829873281208 0.01161 0.01247
0.0117469357839628 0.00729986942364932 0.01148 0.0116 0.01148 0.00911 0.0291354663036079 0.0107 0.0259452060476595 0.01119 0.01148
0.0116639299519979 0.00719249344832147 0.01131 0.01109 0.01113 0.00881 0.0217446270543616 0.01041 0.0208847501918411 0.01079 0.01147
0.0113385966464157 0.00700545750885663 0.01059 0.01072 0.01086 0.00852 0.0194690265486726 0.01013 0.0188315324470622 0.01039 0.01156
0.0108606317214592 0.00684783447922699 0.01031 0.01036 0.01008 0.00824 0.016707186618691 0.00987 0.0157205964701246 0.01003 0.00971
0.0105328206298483 0.00677873299554366 0.00994 0.00998 0.00988 0.00799 0.0135369055723038 0.0096 0.0110956716510774 0.0097 0.00968
0.0106354009714408 0.00688940849601328 0.00981 0.00962 0.00967 0.00777 0.0143926869590586 0.00935 0.00939502665035154 0.0094 0.01005
0.0110707479767019 0.00734229188975777 0.00941 0.0092 0.00893 0.00756 0.0154429641155305 0.00911 0.011116411224257 0.00912 0.00895
0.0123088976552959 0.00800691052545692 0.00894 0.00885 0.00878 0.00738 0.0176602158903044 0.00887 0.0114067652487712 0.00887 0.00846
0.0142499952302619 0.00873393732240895 0.00851 0.00865 0.00867 0.00721 0.0209666439754935 0.00865 0.0133977642740112 0.00862 0.00863
0.0147321723914674 0.00913138869377173 0.00837 0.00848 0.00819 0.00705 0.0234367402508995 0.00843 0.0132525872617542 0.00838 0.00766
0.0147155712250744 0.00911338271371236 0.00803 0.00828 0.00805 0.00689 0.0208499465136633 0.00823 0.0115519422610283 0.00814 0.0074
0.014164759390871 0.00889014626983498 0.00799 0.00802 0.00797 0.00673 0.0196051735874745 0.00804 0.0112408486633345 0.0079 0.00741
0.0134298480547274 0.00856952669820196 0.00767 0.00773 0.00742 0.00657 0.0178741612369931 0.00786 0.010618661467947 0.00767 0.00695
0.0131545660269271 0.00839352059992532 0.0075 0.00746 0.00724 0.00642 0.0129339686861811 0.00769 0.00765290250326648 0.00745 0.00681
0.0130160577879169 0.00846309344434319 0.00724 0.00716 0.00705 0.00627 0.0118836915297092 0.00752 0.00707219445423813 0.00725 0.00665
0.0132925787087315 0.00870820102630315 0.007 0.00687 0.00663 0.00613 0.0117475444909073 0.00736 0.00626335110023436 0.00706 0.00608
0.0135747985374125 0.00900987189640773 0.00677 0.00663 0.00655 0.00599 0.0107361664883789 0.00721 0.00549598689258975 0.00688 0.00564
0.0140505334549431 0.0095249749071113 0.00662 0.00647 0.00648 0.00586 0.0129534182631528 0.00706 0.00651222597838937 0.00671 0.00587
0.0150480901101401 0.0101469825324082 0.00641 0.00639 0.00621 0.00573 0.013070115724983 0.00692 0.00609743451479769 0.00655 0.00528
0.0159616498189606 0.0106093874129903 0.00634 0.00627 0.00606 0.00562 0.0132451619177283 0.00677 0.00674036128336479 0.0064 0.0053
0.0160473812155572 0.0107318469318234 0.00612 0.00611 0.00603 0.00551 0.0126033258776622 0.00663 0.00651222597838937 0.00627 0.00494
0.0152686130667037 0.0104795746666985 0.00597 0.00603 0.00575 0.00541 0.0117086453369639 0.00649 0.00615965323433644 0.00614 0.00469
0.0139298652753403 0.0100812748460135 0.00591 0.00611 0.00567 0.00531 0.0102888262180298 0.00636 0.00522637244125516 0.00601 0.00475
0.0133282588275463 0.00973312780748345 0.00585 0.00608 0.00554 0.00523 0.00982203637070894 0.00623 0.00460418524586764 0.00588 0.00475
0.0128235338134787 0.00964121246424847 0.00566 0.00565 0.00527 0.00515 0.00820772148205776 0.00611 0.00385756061140262 0.00575 0.0045
0.0129503964581535 0.00982278061919266 0.00545 0.00533 0.00517 0.00508 0.00715744432558592 0.00599 0.00369164402596595 0.00563 0.00429
0.0131847950164785 0.0100789180423408 0.00531 0.00517 0.00514 0.00501 0.00744918798016143 0.00587 0.00356720658688844 0.00551 0.00424
0.0134707315242026 0.0102961210688161 0.00519 0.00502 0.00494 0.00494 0.00746863755713313 0.00576 0.00389903975776179 0.00539 0.00419
0.0134746959818487 0.0104095304615461 0.00505 0.00491 0.00487 0.00487 0.00750753671107653 0.00565 0.00373312317232511 0.00528 0.00399
0.0132710219702809 0.010548487606088 0.00506 0.00485 0.00481 0.0048 0.00793542740445395 0.00555 0.00394051890412095 0.00518 0.00394
0.0125707996385406 0.0105312358032039 0.0049 0.00477 0.00466 0.00472 0.00777983078868035 0.00544 0.0042723520749943 0.00509 0.00372
0.0118373749740142 0.0101927987958053 0.00482 0.00465 0.00461 0.00465 0.0067490032091802 0.00533 0.00329759213555385 0.005 0.00368
0.0112104951087265 0.00986039520580882 0.00472 0.00454 0.00455 0.00456 0.00717689390255762 0.00523 0.0032353734160151 0.00492 0.00363
0.0104557614843524 0.00934661200516197 0.0047 0.00445 0.00439 0.00448 0.00614606632305747 0.00512 0.00286206109878259 0.00485 0.00352
0.00981624491031777 0.00902259863624027 0.00462 0.00436 0.00426 0.00441 0.00544588155207624 0.00502 0.00267540494016633 0.00477 0.00375
0.00942648916798671 0.00890551262978093 0.00447 0.0043 0.00421 0.00434 0.0046095497422931 0.00493 0.0020739573179584 0.00469 0.00373
0.00921389512671522 0.00883631687395069 0.00436 0.00421 0.00409 0.00428 0.00577652436059516 0.00484 0.00261318622062758 0.00461 0.00323
0.00927336199140654 0.00888873218763136 0.00425 0.0041 0.00408 0.00422 0.00552367985996305 0.00476 0.00236431134247257 0.00454 0.00308
0.00904268011212477 0.00886158180932195 0.00427 0.00399 0.00399 0.00416 0.00542643197510454 0.00468 0.00263392579380716 0.00447 0.00338
0.00893836532031207 0.00882349586197125 0.00421 0.00392 0.00388 0.00409 0.00567927647573665 0.00461 0.00279984237924383 0.0044 0.00308
0.00876665474851587 0.00862835251787235 0.00415 0.00388 0.00381 0.00403 0.00486239424292522 0.00454 0.00236431134247257 0.00433 0.00298
0.00826911531393177 0.00834091674195083 0.00406 0.00381 0.00379 0.00396 0.00497909170475542 0.00447 0.00246800920837049 0.00426 0.00303
0.00790983633975501 0.00791933170097969 0.00404 0.00374 0.00369 0.0039 0.00470679762715161 0.00441 0.00236431134247257 0.00418 0.00279
0.00747002931964208 0.00756637678295733 0.00404 0.00366 0.00361 0.00385 0.00396771370222698 0.00435 0.00197025945206048 0.00411 0.00273
0.0071593149516299 0.00722247199103811 0.00391 0.00358 0.00352 0.0038 0.00352037343187786 0.00428 0.00192878030570131 0.00404 0.0028
0.00692863307234813 0.00703675586162998 0.00384 0.0035 0.00342 0.00376 0.00410386074102888 0.00422 0.00199099902524006 0.00398 0.00263
0.00674924136386263 0.00690430349522469 0.00377 0.00343 0.00333 0.00371 0.00344257512399105 0.00416 0.00199099902524006 0.00392 0.00277
0.00675642694334617 0.00687856719911889 0.00375 0.00337 0.00335 0.00365 0.00352037343187786 0.00411 0.00188730115934214 0.00386 0.0029
0.0068845284810354 0.00685792159894611 0.00368 0.00333 0.00328 0.00359 0.00398716327919868 0.00405 0.00215691561067673 0.00381 0.00276
0.00692987196536253 0.00674149549751513 0.00367 0.0033 0.0032 0.00353 0.00336477681610425 0.00399 0.00215691561067673 0.00377 0.00274
0.00667193443976391 0.00666192980552505 0.00346 0.00325 0.00316 0.00348 0.00346202470096275 0.00394 0.00194951987888089 0.00373 0.00259
0.00641944804342865 0.00649525664979227 0.00342 0.0032 0.00306 0.00342 0.00317028104638724 0.00389 0.00257170707426841 0.00369 0.00239
0.00608767249417163 0.00627079466800508 0.00335 0.00316 0.00302 0.00338 0.00322862977730234 0.00383 0.00194951987888089 0.00364 0.00239
0.00587334400267997 0.00594781829269937 0.00332 0.00312 0.00302 0.00334 0.00328697850821745 0.00378 0.00165916585436672 0.00358 0.00236
0.00564984770288174 0.00572335631091218 0.00328 0.00306 0.00293 0.0033 0.00293688612272683 0.00373 0.00186656158616256 0.00352 0.00228
0.00551257835688593 0.00565406628293503 0.00321 0.00298 0.00287 0.00327 0.00280073908392492 0.00368 0.00190804073252172 0.00346 0.00237
0.00538893683404855 0.00546533344482586 0.00324 0.00293 0.00284 0.00323 0.00266459204512302 0.00363 0.00157620756164838 0.00339 0.00226
0.00545335927079748 0.00541744319419676 0.00323 0.0029 0.00274 0.0032 0.00272294077603812 0.00358 0.00161768670800755 0.00334 0.00217
0.00543081141793536 0.00536436797548773 0.00308 0.00285 0.00274 0.00317 0.00258679373723622 0.00353 0.00182508243980339 0.00329 0.00222
0.00541346691573372 0.00533882022367575 0.00309 0.00279 0.00274 0.00314 0.00280073908392492 0.00348 0.00170064500072589 0.00325 0.00216
0.00532550551171113 0.00523493231778349 0.00307 0.00275 0.00267 0.00312 0.00282018866089663 0.00344 0.00186656158616256 0.00322 0.00217
0.00522019960548691 0.00510530811578543 0.00307 0.00274 0.00264 0.00309 0.00250899542934941 0.00339 0.00182508243980339 0.00318 0.00217
0.00503362231751787 0.00492930201750879 0.00297 0.00271 0.00257 0.00306 0.00245064669843431 0.00335 0.00190804073252172 0.00315 0.00222
0.00494243979165784 0.00471115626956442 0.00304 0.00266 0.00251 0.00303 0.00250899542934941 0.00331 0.00197025945206048 0.00311 0.00214
0.00474966803861679 0.00457059649852507 0.00299 0.00263 0.00249 0.00299 0.0023339492366041 0.00328 0.00147250969575046 0.00307 0.00211
0.00469020117392546 0.00441589590544956 0.00285 0.0026 0.00245 0.00295 0.0023144996596324 0.00324 0.00120289524441587 0.00303 0.00199
0.00465352994069915 0.00433708439063474 0.00279 0.00256 0.00241 0.00291 0.00250899542934941 0.00321 0.00176286372026464 0.00298 0.00196
0.00464683991842137 0.00436998536990552 0.00293 0.00253 0.00241 0.00287 0.00190605854322668 0.00317 0.00143103054939129 0.00294 0.00192
0.00469590008179172 0.00431163091096967 0.00282 0.00249 0.00236 0.00283 0.0023339492366041 0.00314 0.00184582201298297 0.0029 0.00187
0.0046693877712835 0.00425883850870137 0.00275 0.00247 0.0023 0.00279 0.00264514246815132 0.0031 0.00199099902524006 0.00287 0.00183
0.00466666220665181 0.0042726965142968 0.00274 0.00245 0.0023 0.00276 0.00208110473597199 0.00307 0.00161768670800755 0.00284 0.00183
0.00454054289778563 0.00416437781749987 0.00275 0.00244 0.00226 0.00273 0.0021978021978022 0.00303 0.00176286372026464 0.00281 0.00176
0.00445679373001201 0.0040198586162904 0.00268 0.00243 0.00219 0.0027 0.00264514246815132 0.00299 0.00159694713482797 0.00278 0.00181
0.00422016516426111 0.00389259121796503 0.00259 0.00239 0.00215 0.00267 0.0021783526208305 0.00296 0.00159694713482797 0.00275 0.00174
0.00413938933972206 0.0037400588842684 0.00256 0.00235 0.00214 0.00265 0.00239229796751921 0.00292 0.00172138457390547 0.00271 0.00176
0.00403135786886615 0.00369857913962902 0.00253 0.0023 0.00209 0.00263 0.00212000388991539 0.00289 0.00124437439077504 0.00267 0.00178
0.00405836573658013 0.00362203015633999 0.00244 0.00225 0.00208 0.00261 0.00198385685111349 0.00286 0.00159694713482797 0.00263 0.00179
0.00405861351518301 0.003633248541822 0.00244 0.00223 0.00207 0.00259 0.00184770981231158 0.00283 0.00163842628118713 0.00259 0.00173
0.00415227382707184 0.00359808503102543 0.00243 0.00222 0.002 0.00257 0.00237284839054751 0.00279 0.0015554679884688 0.00255 0.00169
0.00408785139032291 0.00361071749871106 0.00234 0.00222 0.00199 0.00255 0.00182826023533988 0.00276 0.00122363481759545 0.00252 0.00162
0.00395281205175302 0.00354171028717464 0.00236 0.0022 0.00199 0.00253 0.00243119712146261 0.00273 0.00126511396395462 0.00248 0.00163
0.00372237795107413 0.00352219595276475 0.00235 0.00218 0.00192 0.00251 0.0023144996596324 0.0027 0.00163842628118713 0.00245 0.00164
0.00359402863478202 0.00340190469331055 0.0023 0.00215 0.00189 0.00249 0.00188660896625498 0.00266 0.00138955140303213 0.00242 0.00158
0.00335839118344264 0.00334015643708602 0.00227 0.00212 0.00193 0.00247 0.00178936108139648 0.00263 0.0011614160980567 0.00239 0.00165
0.00320798957149416 0.00326558716888205 0.00227 0.00208 0.00191 0.00245 0.00212000388991539 0.0026 0.0015554679884688 0.00237 0.00158
0.00299911220926588 0.00317640571790738 0.00225 0.00205 0.00188 0.00243 0.00200330642808519 0.00257 0.00138955140303213 0.00234 0.00149
0.00295401650354162 0.00314284483360825 0.00218 0.00203 0.00187 0.00241 0.00167266361956627 0.00254 0.00101623908579961 0.00231 0.00155
0.00282641052305815 0.00314001666920102 0.00215 0.00202 0.00183 0.00239 0.00173101235048138 0.00252 0.00114067652487712 0.00228 0.00155
0.00276719143696971 0.00313153217597933 0.00213 0.002 0.00181 0.00237 0.00151706700379267 0.00249 0.00101623908579961 0.00224 0.00163
0.00269459230632571 0.00314878397886343 0.00212 0.00197 0.00181 0.00235 0.00210055431294369 0.00246 0.00107845780533837 0.0022 0.00158
0.00263785100626607 0.00313021236592262 0.00209 0.00196 0.00181 0.00233 0.00194495769717009 0.00243 0.00143103054939129 0.00216 0.00155
0.00255509295290398 0.00310117654467505 0.0021 0.00195 0.00176 0.00231 0.00204220558202859 0.00241 0.00122363481759545 0.00213 0.0015
0.00240147021911805 0.00305008104105109 0.00207 0.00194 0.00172 0.00229 0.00155596615773607 0.00238 0.00120289524441587 0.0021 0.00145
0.00229839432031975 0.00294638167945264 0.002 0.00192 0.00172 0.00227 0.00210055431294369 0.00236 0.00101623908579961 0.00208 0.00144
0.00216236386733834 0.00285889712712231 0.00201 0.0019 0.0017 0.00225 0.00175046192745308 0.00234 0.0010369786589792 0.00207 0.00146
0.0021234626266861 0.00284569902655524 0.00201 0.00189 0.00167 0.00223 0.00161431488865117 0.00232 0.00118215567123629 0.00206 0.00146
0.00196290209201952 0.00280054266818646 0.002 0.00186 0.00163 0.00222 0.00143926869590586 0.0023 0.000912541219901694 0.00204 0.0014
0.00194456647540636 0.00279771450377923 0.00196 0.00184 0.00161 0.00221 0.00163376446562287 0.00228 0.00089180164672211 0.00202 0.0014
0.00189377186181586 0.00283070975519692 0.0019 0.00183 0.00162 0.00219 0.00134202081104736 0.00226 0.00099549951262003 0.00199 0.00141
0.0018409950194023 0.00280318228829987 0.00192 0.00181 0.00163 0.00218 0.00153651658076437 0.00224 0.00099549951262003 0.00196 0.0014
0.00183430499712453 0.00281298659157827 0.00196 0.0018 0.00158 0.00216 0.00145871827287756 0.00222 0.000850322500362943 0.00193 0.00139
0.00167597446988387 0.00277961425157295 0.00195 0.00178 0.00157 0.00214 0.00143926869590586 0.0022 0.000725885061285439 0.00192 0.00139
0.00167894781311844 0.0027580259299311 0.00204 0.00176 0.00155 0.00212 0.00143926869590586 0.00218 0.000684405914926271 0.00191 0.00136
0.00155704074050122 0.00268364520602094 0.00195 0.00176 0.00155 0.0021 0.00159486531167947 0.00216 0.000622187195387519 0.0019 0.00134
0.00147552158015353 0.00267355808630181 0.00184 0.00175 0.00153 0.00208 0.00120587377224545 0.00214 0.000871062073542526 0.00189 0.00131
0.00141456804384492 0.00262133131691496 0.00179 0.00173 0.00149 0.00207 0.00143926869590586 0.00212 0.000684405914926271 0.00187 0.00131
0.00140193133509801 0.00259776328018804 0.00177 0.00172 0.00148 0.00206 0.00110862588738695 0.0021 0.000725885061285439 0.00184 0.00127
0.00137888792503012 0.00259304967284265 0.00176 0.0017 0.00145 0.00205 0.00122532334921715 0.00208 0.000871062073542526 0.00181 0.00132
0.00133255332629147 0.00264065710703103 0.00179 0.00169 0.00142 0.00204 0.00120587377224545 0.00206 0.000622187195387519 0.00178 0.00135
0.00127135201137998 0.00260530505194065 0.00176 0.00168 0.00141 0.00202 0.00132257123407566 0.00204 0.000601447622207935 0.00177 0.00141
0.00125871530263307 0.00259946017883238 0.00179 0.00168 0.00141 0.00201 0.00112807546435865 0.00202 0.000663666341746687 0.00175 0.00134
0.00119924843794174 0.00259286112854884 0.00173 0.00166 0.0014 0.00199 0.00106972673344355 0.002 0.000767364207644607 0.00174 0.00128
0.00112565819288623 0.0025985174573633 0.00168 0.00164 0.00139 0.00198 0.00120587377224545 0.00198 0.000954020366260862 0.00172 0.00127
0.00113408266538416 0.00255420954831669 0.00173 0.00163 0.00139 0.00196 0.00108917631041525 0.00197 0.000933280793081278 0.0017 0.00129
0.00104612126136158 0.00249085866559473 0.00168 0.00162 0.00138 0.00194 0.00108917631041525 0.00195 0.000580708049028351 0.00167 0.00131
0.000997556655196995 0.00247935746367199 0.00165 0.00161 0.00137 0.00193 0.000972478848585043 0.00193 0.000850322500362943 0.00165 0.00128
0.000979221038583836 0.0024524899018033 0.00163 0.00159 0.00134 0.00193 0.00118642419527375 0.00192 0.000663666341746687 0.00163 0.00129
0.000953204285281381 0.00246408537587295 0.0016 0.00158 0.00133 0.00192 0.000933579694641642 0.0019 0.000684405914926271 0.00161 0.00126
0.000904639679116798 0.00245107581959969 0.00157 0.00155 0.00135 0.00191 0.000855781386754838 0.00188 0.000746624634465023 0.00159 0.00125
0.000919010838083869 0.00250575366480614 0.00156 0.00154 0.00134 0.0019 0.000953029271613342 0.00187 0.000829582927183359 0.00158 0.00126
0.000875897361182657 0.00247247559694773 0.00163 0.00153 0.0013 0.00189 0.00134202081104736 0.00185 0.000705145488105855 0.00156 0.00125
0.000857561744569498 0.00248812477333441 0.00165 0.00153 0.0013 0.00187 0.00103082757950015 0.00183 0.000746624634465023 0.00155 0.00126
0.000821633847151822 0.00246219993293479 0.00155 0.00153 0.00133 0.00186 0.000622386463094428 0.00181 0.000580708049028351 0.00153 0.00127
0.000770839233561314 0.00239045882913805 0.00151 0.00151 0.00131 0.00184 0.000933579694641642 0.0018 0.000808843354003775 0.00152 0.00122
0.000738132457981085 0.00236868196320238 0.00151 0.00149 0.00127 0.00183 0.000836331809783137 0.00179 0.000622187195387519 0.00151 0.00117
0.000703691232180692 0.00236679652026422 0.00149 0.00148 0.00124 0.00183 0.000953029271613342 0.00177 0.000767364207644607 0.0015 0.00121
0.000689320073213622 0.0023456795593569 0.00148 0.00146 0.00122 0.00182 0.000933579694641642 0.00176 0.000767364207644607 0.00148 0.0012
0.000672471128217746 0.00236095164715595 0.0015 0.00145 0.00124 0.00181 0.000836331809783137 0.00175 0.000684405914926271 0.00147 0.00122
0.000663303319911166 0.00237151012760961 0.00148 0.00145 0.00122 0.0018 0.000719634347952932 0.00174 0.000435531036771263 0.00145 0.0012
0.000631339880139579 0.00241449822659951 0.00144 0.00144 0.00121 0.00179 0.00068073519400953 0.00174 0.000725885061285439 0.00144 0.00119
0.000637286566608711 0.00240563664479019 0.00144 0.00143 0.0012 0.00177 0.000739083924924633 0.00173 0.000622187195387519 0.00143 0.00136
0.000575094137285699 0.00240450537902729 0.00146 0.00142 0.00123 0.00175 0.000758533501896334 0.00172 0.000788103780824191 0.00142 0.00123
0.000574350801477058 0.00236472253303225 0.00144 0.0014 0.00119 0.00173 0.000719634347952932 0.0017 0.000746624634465023 0.00141 0.00117
0.000536688453839218 0.00231400411799592 0.0014 0.0014 0.0012 0.00171 0.000525138578235923 0.00169 0.00089180164672211 0.0014 0.00121
0.000528511759944161 0.00228232867663494 0.00139 0.00139 0.00124 0.0017 0.000641836040066129 0.00168 0.000871062073542526 0.00139 0.00122
0.000501751670833064 0.0022794062400808 0.00143 0.00138 0.00122 0.00169 0.000739083924924633 0.00167 0.000871062073542526 0.00138 0.00117
0.000472266017090281 0.00222736801498776 0.00145 0.00136 0.0012 0.00168 0.000661285617037829 0.00166 0.000767364207644607 0.00137 0.00118
0.00046235487297506 0.0022597033613771 0.0014 0.00135 0.00118 0.00168 0.000719634347952932 0.00165 0.000622187195387519 0.00135 0.00114
0.000423949189528579 0.00226818785459879 0.0014 0.00134 0.00117 0.00168 0.000525138578235923 0.00164 0.000725885061285439 0.00133 0.00112
0.000446001485184946 0.00227214728476891 0.00139 0.00134 0.00116 0.00167 0.000564037732179325 0.00163 0.000580708049028351 0.00132 0.00116
0.000425683639748743 0.00223632386894399 0.00137 0.00132 0.00114 0.00166 0.000739083924924633 0.00162 0.000559968475848767 0.0013 0.00114
0.000391737971154111 0.00223142171730479 0.00137 0.00131 0.00114 0.00165 0.000564037732179325 0.00161 0.000850322500362943 0.00129 0.00123
0.000390994635345469 0.00221171883860109 0.00132 0.0013 0.00111 0.00164 0.000602936886122727 0.0016 0.000497749756310015 0.00129 0.00121
0.000355562295133554 0.00216382858797199 0.00136 0.00129 0.00112 0.00164 0.000486239424292522 0.00159 0.000331833170873343 0.00128 0.00112
0.000367207889468939 0.00216354577153126 0.00137 0.00127 0.00113 0.00163 0.00068073519400953 0.00158 0.000725885061285439 0.00127 0.0011
0.000340200021754961 0.00212112330542281 0.00132 0.00127 0.00114 0.00162 0.000602936886122727 0.00157 0.000539228902669183 0.00126 0.00112
0.000339952243152081 0.00211094191355678 0.0013 0.00126 0.00113 0.00161 0.000505689001264222 0.00156 0.000808843354003775 0.00125 0.00113
0.000326076641390771 0.00211706960310578 0.00137 0.00126 0.00113 0.00161 0.000544588155207624 0.00155 0.000684405914926271 0.00124 0.00123
0.000313192154040984 0.00211179036287895 0.00142 0.00125 0.00111 0.0016 0.00044734027034912 0.00154 0.000580708049028351 0.00123 0.00121
0.000310466589409298 0.0021136758058171 0.00135 0.00124 0.00108 0.00159 0.000622386463094428 0.00154 0.000373312317232511 0.00122 0.00121
0.000295599873236467 0.00212923071005687 0.00124 0.00123 0.00107 0.00158 0.000427890693377419 0.00153 0.000435531036771263 0.00122 0.00116
0.000290148743973095 0.0020940671992603 0.00122 0.00122 0.00108 0.00156 0.000564037732179325 0.00152 0.000601447622207935 0.00122 0.00113
0.000278998706843472 0.00203910653761313 0.00122 0.00122 0.00107 0.00155 0.000486239424292522 0.0015 0.000622187195387519 0.00122 0.00112
0.000279246485446352 0.00203335593665176 0.00122 0.00121 0.00106 0.00154 0.000505689001264222 0.00149 0.000912541219901694 0.00121 0.00112
0.000265618662287923 0.00202713397495585 0.00119 0.00119 0.00104 0.00153 0.000408441116405718 0.00147 0.000622187195387519 0.00121 0.00114
0.00026883978412537 0.00199922941947118 0.00119 0.00118 0.00106 0.00153 0.00044734027034912 0.00146 0.000622187195387519 0.0012 0.00118
0.000260167533024552 0.00195322461178023 0.00121 0.00117 0.00104 0.00152 0.000350092385490616 0.00144 0.000705145488105855 0.00118 0.00109
0.000241088580602751 0.00195049071951991 0.00119 0.00117 0.00103 0.00152 0.000525138578235923 0.00142 0.000518489329489599 0.00117 0.00116
0.000245548595454601 0.00195199907387043 0.00116 0.00116 0.00103 0.00151 0.000369541962462316 0.00141 0.000518489329489599 0.00117 0.00116
0.000246291931263242 0.00195520432686529 0.00115 0.00116 0.00103 0.00151 0.000544588155207624 0.00139 0.000435531036771263 0.00117 0.00106
0.000260910868833193 0.00196378309223389 0.00113 0.00115 0.00105 0.0015 0.00044734027034912 0.00137 0.000642926768567103 0.00116 0.00106
0.000229442986267366 0.00193531290386777 0.00112 0.00114 0.00105 0.00149 0.00044734027034912 0.00136 0.000497749756310015 0.00115 0.00112
0.000248769717292047 0.00189864103872068 0.00113 0.00114 0.00102 0.00148 0.000291743654575513 0.00134 0.000394051890412095 0.00114 0.00109
0.00023117743648753 0.00187507300199376 0.00111 0.00113 0.00099 0.00148 0.000330642808518915 0.00133 0.000497749756310015 0.00113 0.00105
0.000225974085827039 0.00181879253028988 0.00111 0.00111 0.00098 0.00148 0.00023339492366041 0.00132 0.000767364207644607 0.00111 0.00109
0.000220522956563668 0.00182661711848321 0.00109 0.0011 0.00097 0.00148 0.000350092385490616 0.00131 0.000622187195387519 0.0011 0.00112
0.000213585155683013 0.0017908879748052 0.00107 0.00109 0.00101 0.00148 0.000291743654575513 0.0013 0.000477010183130431 0.00109 0.00104
0.000200700668333226 0.00178617436745982 0.00108 0.00108 0.00101 0.00148 0.000272294077603812 0.00129 0.000518489329489599 0.00108 0.00106
0.000210116255242686 0.00176845120384118 0.00112 0.00108 0.001 0.00148 0.00044734027034912 0.00128 0.000601447622207935 0.00107 0.0011
0.000215567384506057 0.00176317196361435 0.00113 0.00107 0.001 0.00147 0.000272294077603812 0.00128 0.000518489329489599 0.00106 0.00108
0.000223248521195353 0.00175581873615555 0.00115 0.00107 0.00098 0.00146 0.000272294077603812 0.00127 0.000559968475848767 0.00106 0.00107
0.000220027399357907 0.00173875547756526 0.00108 0.00107 0.00097 0.00144 0.000388991539434017 0.00126 0.000414791463591679 0.00105 0.00107
0.000205904018993717 0.00171499889654452 0.00105 0.00107 0.00097 0.00144 0.00023339492366041 0.00125 0.000497749756310015 0.00105 0.00104
0.000191780638629527 0.00167399051263968 0.00103 0.00107 0.00095 0.00143 0.000272294077603812 0.00125 0.000663666341746687 0.00104 0.00106
0.000189055073997841 0.00162440336336624 0.00104 0.00106 0.00095 0.00143 0.00021394534668871 0.00124 0.000497749756310015 0.00104 0.00107
0.000186081730763275 0.00160243795313675 0.00103 0.00105 0.00094 0.00143 0.000408441116405718 0.00123 0.000497749756310015 0.00103 0.00103
0.000186825066571916 0.00157311931544846 0.00103 0.00103 0.00096 0.00142 0.000311193231547214 0.00122 0.000373312317232511 0.00103 0.00112
0.000195001760466973 0.00154116105764676 0.00102 0.00102 0.00095 0.00142 0.000427890693377419 0.00121 0.000269614451334592 0.00102 0.00118
0.000176170586648054 0.0015318281151029 0.00108 0.00102 0.00094 0.00141 0.000311193231547214 0.00121 0.000497749756310015 0.00101 0.00108
0.000178400594073978 0.00154625175357977 0.001 0.00102 0.00095 0.0014 0.000272294077603812 0.0012 0.000394051890412095 0.001 0.00111
0.000186329509366155 0.00148601185170576 0.001 0.00103 0.00094 0.00139 0.000291743654575513 0.0012 0.000601447622207935 0.001 0.00108
0.000166507221135713 0.00150430064820585 0.00101 0.00103 0.00095 0.00139 0.000330642808518915 0.00119 0.000248874878155008 0.00099 0.00111
0.00018880729539496 0.00148195814938873 0.001 0.00102 0.00092 0.00138 0.00023339492366041 0.00118 0.000373312317232511 0.00099 0.00109
0.00018880729539496 0.00147271947899178 0.00097 0.00102 9e-04 0.00137 0.000272294077603812 0.00118 0.000373312317232511 0.00098 0.00103
0.000176913922456695 0.00140682324830331 0.00096 0.00101 0.00092 0.00136 0.000252844500632111 0.00117 0.000290354024514176 0.00098 0.00104
0.000187568402380558 0.00139862157152235 0.00096 0.00101 0.00092 0.00135 0.000155596615773607 0.00116 0.000331833170873343 0.00097 0.00102
0.000170967235987563 0.00136958575027478 0.00098 0.001 0.00091 0.00134 0.00023339492366041 0.00115 0.000456270609950847 0.00096 0.00108
0.000168985007164518 0.00134252964411228 0.00099 0.00099 9e-04 0.00133 0.00044734027034912 0.00114 0.000477010183130431 0.00095 0.00114
0.000165763885327071 0.00132886018281066 0.00097 0.00098 9e-04 0.00132 0.000272294077603812 0.00113 0.000414791463591679 0.00094 0.00106
0.00016056053466658 0.00131273964568945 0.00096 0.00098 0.00092 0.00131 0.000311193231547214 0.00112 0.000186656158616256 0.00093 0.00101
0.000170967235987563 0.00129633629212751 0.00093 0.00098 0.00091 0.0013 0.00023339492366041 0.0011 0.000248874878155008 0.00093 0.00101
0.000163781656504027 0.00131264537354254 0.00093 0.00096 0.00088 0.00129 0.000252844500632111 0.00109 0.000373312317232511 0.00092 0.0011
0.000171462793193324 0.00129077423545996 0.00093 0.00095 0.00086 0.00129 0.000350092385490616 0.00108 0.000497749756310015 0.00092 0.00111
0.000149658276139837 0.00126277540782838 0.00091 0.00095 0.00087 0.00128 0.000194495769717009 0.00107 0.000373312317232511 0.00092 0.00106
0.000160808313269461 0.00124976585155512 0.00089 0.00095 0.00088 0.00127 0.00021394534668871 0.00106 0.000435531036771263 0.00091 0.00108
0.000162542763489625 0.00123147705505503 0.00089 0.00094 0.00089 0.00126 0.00023339492366041 0.00106 0.000248874878155008 0.00091 0.00106
0.000162047206283864 0.00119669063284609 0.00088 0.00093 0.00087 0.00126 0.00021394534668871 0.00105 0.000373312317232511 9e-04 0.00108
0.0001603127560637 0.00118792332318368 0.00094 0.00092 0.00087 0.00125 0.000116697461830205 0.00105 0.000331833170873343 9e-04 0.00103
0.000152879397977284 0.00116397819786913 0.00098 0.00093 0.00087 0.00125 0.000175046192745308 0.00104 0.000331833170873343 0.00089 0.0011
0.000167250556944355 0.00115756769187941 0.00092 0.00093 0.00089 0.00124 0.00023339492366041 0.00104 0.000435531036771263 0.00089 0.00106
0.000157587191432014 0.00115351398956238 9e-04 0.00092 9e-04 0.00123 0.000291743654575513 0.00103 0.000331833170873343 0.00088 0.00109
0.000163781656504027 0.00113748772458807 0.00088 0.00091 0.00086 0.00122 0.000175046192745308 0.00102 0.000311093597693759 0.00087 0.00101
0.000161551649078103 0.00113154857933289 9e-04 0.00091 0.00087 0.00121 0.000116697461830205 0.00102 0.000269614451334592 0.00087 0.00101
0.000139747132024616 0.00110722636543071 9e-04 9e-04 0.00087 0.0012 0.000155596615773607 0.00101 0.000248874878155008 0.00086 0.00106
0.00015114494775712 0.00108111298073728 0.00088 0.00089 0.00084 0.00119 0.000194495769717009 0.001 0.000311093597693759 0.00086 0.00109
0.00015114494775712 0.00105773348830417 0.00086 9e-04 0.00086 0.00119 0.00021394534668871 0.00099 0.000497749756310015 0.00086 0.00097
0.000149162718934076 0.0010335055465489 0.00084 9e-04 0.00086 0.00118 0.000175046192745308 0.00098 0.000228135304975424 0.00085 0.00102
0.000140242689230377 0.00103605089451541 0.00086 0.00091 0.00084 0.00118 0.00023339492366041 0.00098 0.000394051890412095 0.00085 0.00107
0.000138012681804453 0.000986180928801244 0.00083 9e-04 0.00085 0.00117 0.000194495769717009 0.00097 0.000248874878155008 0.00085 0.00102
0.000139251574818855 0.00100541244677041 0.00084 0.00089 0.00085 0.00116 0.000155596615773607 0.00097 0.000248874878155008 0.00084 0.00102
0.000140738246436138 0.000989386181796105 0.00082 0.00088 0.00084 0.00115 0.00021394534668871 0.00096 0.000269614451334592 0.00084 0.00102
0.000144702704082227 0.000973265644674892 0.00082 0.00087 0.00084 0.00115 0.000175046192745308 0.00096 0.000269614451334592 0.00084 0.00099
0.000138260460407333 0.000972982828234169 0.00083 0.00086 0.00083 0.00114 0.000136147038801906 0.00096 0.000331833170873343 0.00084 0.00101
0.000121163736808577 0.000928769191334467 0.00081 0.00087 0.00081 0.00114 0.000194495769717009 0.00096 0.000456270609950847 0.00084 0.00098
0.00013206599533532 0.000929994729244266 0.00079 0.00086 8e-04 0.00113 0.000175046192745308 0.00096 0.000414791463591679 0.00084 0.00099
0.000114225935927922 0.000915571090767391 0.00079 0.00086 0.00082 0.00113 0.000194495769717009 0.00096 0.00020739573179584 0.00083 0.00101
0.000127605980483471 0.000877673687710504 0.00079 0.00085 0.00084 0.00112 9.72478848585043e-05 0.00095 0.000165916585436672 0.00083 0.00111
0.000120668179602816 0.000856462454656276 0.00078 0.00083 0.00082 0.00111 0.00021394534668871 0.00095 0.000228135304975424 0.00082 0.001
0.000109022585267431 0.000839776284653616 0.00079 0.00083 0.00083 0.00111 0.000194495769717009 0.00094 0.000248874878155008 0.00082 0.00101
0.00011769483636825 0.000847318056406231 0.00077 0.00083 0.00083 0.0011 0.00021394534668871 0.00093 0.000248874878155008 0.00082 0.00094
0.000119677065191294 0.000808195115439543 0.00078 0.00083 0.00083 0.0011 0.000116697461830205 0.00092 0.000269614451334592 0.00082 0.0011
0.000118190393574011 0.000814888437869989 0.00079 0.00083 0.00083 0.00109 0.000194495769717009 0.00091 0.000228135304975424 0.00082 0.00098
0.000105553684827104 0.000794808470578653 0.00077 0.00082 0.00084 0.00108 0.000136147038801906 9e-04 0.000269614451334592 0.00082 0.00098
0.000111748149899117 0.000780667648542501 0.00076 0.00083 0.00082 0.00107 0.00021394534668871 0.00089 0.000165916585436672 0.00081 0.00097
0.00010381923460694 0.000772465971761533 0.00078 0.00082 0.00083 0.00107 0.000272294077603812 0.00088 0.000124437439077504 8e-04 0.00098
0.00010381923460694 0.000737019644524245 0.00076 0.00082 0.00083 0.00106 0.000136147038801906 0.00087 0.000290354024514176 0.00079 0.00102
9.88636625493296e-05 0.00070430720954728 0.00075 0.00081 0.00082 0.00106 0.000136147038801906 0.00086 0.000186656158616256 0.00078 0.00092
9.7624769534927e-05 0.000717033949379817 0.00076 0.00081 0.00082 0.00106 5.83487309151026e-05 0.00085 0.000290354024514176 0.00077 0.00092
9.91114411522101e-05 0.000691014836833297 0.00075 0.00081 0.00081 0.00106 0.000136147038801906 0.00085 0.000373312317232511 0.00077 0.00097
9.2421418874436e-05 0.000670369236660515 0.00074 8e-04 8e-04 0.00106 0.000136147038801906 0.00085 0.000311093597693759 0.00077 0.00099
8.87047398312281e-05 0.000666126990049669 0.00074 0.00081 0.00081 0.00106 0.000155596615773607 0.00085 0.000145177012257088 0.00077 0.00098
0.000102084784386776 0.000643313130498011 0.00074 0.00081 0.00079 0.00106 0.000175046192745308 0.00085 0.000145177012257088 0.00077 0.00095
8.99436328456307e-05 0.000638976611740257 0.00075 0.00081 0.00082 0.00106 0.000136147038801906 0.00085 0.000228135304975424 0.00076 0.00096
9.2421418874436e-05 0.000616728385070045 0.00075 8e-04 0.00083 0.00105 0.00023339492366041 0.00085 0.00020739573179584 0.00075 0.00138
8.92002970369891e-05 0.000623327435353582 0.00074 0.00079 0.00082 0.00104 7.77983078868035e-05 0.00085 0.000228135304975424 0.00075 0.00117
9.39080904917191e-05 0.000607206898232369 0.00074 0.00079 0.00082 0.00104 0.000175046192745308 0.00085 0.000165916585436672 0.00075 0.00099
8.47402821851397e-05 0.000579773703482234 0.00074 0.00079 0.00082 0.00103 0.000194495769717009 0.00085 0.00020739573179584 0.00074 0.00092
8.2510274759215e-05 0.000565161520711544 0.00073 0.00079 0.00083 0.00103 9.72478848585043e-05 0.00085 0.00020739573179584 0.00074 0.00094
8.27580533620955e-05 0.000549512344324869 0.00072 0.00078 0.00079 0.00102 0.000175046192745308 0.00084 8.29582927183359e-05 0.00074 0.00087
7.85458171131265e-05 0.000546495635623823 0.00072 0.00078 0.00079 0.00101 0.000194495769717009 0.00084 0.000186656158616256 0.00074 0.00089
7.87935957160071e-05 0.000529338104886625 0.00073 0.00077 0.00078 0.001 0.000136147038801906 0.00083 0.00010369786589792 0.00073 0.00092
7.97847101275292e-05 0.000518213991551519 0.00073 0.00077 8e-04 0.001 0.000194495769717009 0.00082 0.000145177012257088 0.00073 9e-04
8.10236031419318e-05 0.000505015890984443 0.00074 0.00076 0.00079 0.00099 0.000136147038801906 0.00081 0.000145177012257088 0.00073 0.00089
7.55724738785602e-05 0.000487104183071984 0.00073 0.00077 0.00079 0.00098 0.000116697461830205 0.00081 0.000145177012257088 0.00074 9e-04
7.13602376295913e-05 0.000485313012280738 0.00073 0.00077 0.00078 0.00098 7.77983078868035e-05 8e-04 0.000248874878155008 0.00074 0.00089
7.25991306439939e-05 0.000479185322731739 0.00071 0.00076 0.00078 0.00097 0.000136147038801906 8e-04 0.000124437439077504 0.00074 0.00094
7.60680310843213e-05 0.000460990798378557 7e-04 0.00076 0.00078 0.00097 0.000155596615773607 0.00079 0.000145177012257088 0.00075 0.00096
6.98735660123081e-05 0.000434783141538222 7e-04 0.00075 0.00079 0.00097 0.000116697461830205 0.00079 0.000124437439077504 0.00075 0.00089
7.08646804238303e-05 0.000428372635548499 0.00071 0.00074 0.00076 0.00096 0.000116697461830205 0.00079 0.000124437439077504 0.00074 0.00091
6.61568869691003e-05 0.000421585040971146 7e-04 0.00074 0.00075 0.00096 0.000155596615773607 0.00079 0.000124437439077504 0.00074 9e-04
7.25991306439939e-05 0.000416777161478855 0.00073 0.00075 0.00076 0.00096 9.72478848585043e-05 0.00078 0.000228135304975424 0.00073 0.00087
6.96257874094276e-05 0.000400373807916918 7e-04 0.00075 0.00079 0.00096 3.88991539434017e-05 0.00078 4.14791463591679e-05 0.00073 0.00091
6.54135511604587e-05 0.000398205548538042 0.00074 0.00074 8e-04 0.00096 0.000194495769717009 0.00078 0.000165916585436672 0.00072 0.00087
6.39268795431755e-05 0.000397828459950411 0.00073 0.00073 0.00079 0.00095 7.77983078868035e-05 0.00078 0.000145177012257088 0.00072 0.00086
6.14490935143703e-05 0.000384630359383336 7e-04 0.00073 0.00076 0.00095 7.77983078868035e-05 0.00078 0.00010369786589792 0.00071 0.00089
6.24402079258924e-05 0.000380293840625582 0.00067 0.00073 0.00076 0.00094 0.000194495769717009 0.00077 0.000311093597693759 0.00071 0.00096
5.57501856481182e-05 0.000366341562883246 0.00068 0.00072 0.00077 0.00094 7.77983078868035e-05 0.00077 0.000165916585436672 7e-04 0.00081
6.56613297633392e-05 0.000366812923617784 0.00069 0.00072 0.00078 0.00094 0.000116697461830205 0.00076 0.000165916585436672 7e-04 0.00079
6.54135511604587e-05 0.000351163747231109 7e-04 0.00072 0.00077 0.00093 0.000155596615773607 0.00076 0.000124437439077504 0.00069 0.00079
6.49179939546976e-05 0.000342396437568695 0.00066 0.00072 0.00075 0.00093 0.000175046192745308 0.00075 8.29582927183359e-05 0.00069 0.00078
6.19446507201313e-05 0.00032674726118202 0.00066 0.00072 0.00074 0.00093 7.77983078868035e-05 0.00075 0.000165916585436672 0.00069 0.00085
5.77324144711624e-05 0.000329481153442343 0.00066 0.00072 0.00074 0.00093 0.000194495769717009 0.00074 8.29582927183359e-05 0.00069 0.00089
6.12013149114898e-05 0.000328538431973266 0.00066 0.00072 0.00074 0.00092 0.000116697461830205 0.00074 0.00020739573179584 0.00069 0.00081
6.24402079258924e-05 0.000320713843779928 0.00068 0.00072 0.00076 0.00092 0.000155596615773607 0.00074 0.000165916585436672 0.00069 0.00081
6.39268795431755e-05 0.000310626724060807 0.00067 0.00071 0.00075 0.00091 9.72478848585043e-05 0.00074 0.00010369786589792 0.00069 0.00079
5.92190860884456e-05 0.000302236502986023 0.00067 7e-04 0.00074 9e-04 0.000116697461830205 0.00074 0.000165916585436672 0.00069 0.00078
5.82279716769235e-05 0.000292903560442163 0.00071 7e-04 0.00074 9e-04 0.000116697461830205 0.00074 8.29582927183359e-05 0.00069 8e-04
6.8386894395025e-05 0.00028489042795501 0.00073 0.00071 0.00075 0.00089 0.000136147038801906 0.00073 0.000145177012257088 0.00068 8e-04
5.25290638106714e-05 0.000275180396823519 7e-04 0.00071 0.00075 0.00089 9.72478848585043e-05 0.00073 0.000248874878155008 0.00068 0.00078
5.10423921933882e-05 0.000281402358519426 0.00067 0.00069 0.00076 0.00089 7.77983078868035e-05 0.00073 0.00020739573179584 0.00068 0.00077
5.05468349876272e-05 0.000268015713658535 0.00068 0.00068 0.00075 0.00089 5.83487309151026e-05 0.00072 0.000165916585436672 0.00067 0.00078
5.25290638106714e-05 0.000268864162980704 0.00067 0.00069 0.00075 0.00088 9.72478848585043e-05 0.00072 0.000248874878155008 0.00067 0.00083
4.93079419732245e-05 0.000255854606707444 0.00067 0.00069 0.00073 0.00088 9.72478848585043e-05 0.00071 0.00010369786589792 0.00066 0.00078
5.07946135905077e-05 0.000263490650606966 0.00068 0.00068 0.00074 0.00088 5.83487309151026e-05 7e-04 0.000269614451334592 0.00066 0.00077
5.55024070452377e-05 0.000255288973825998 0.00072 0.00067 0.00076 0.00087 0.000175046192745308 7e-04 0.000165916585436672 0.00066 0.00078
5.02990563847467e-05 0.000247652929926476 0.00068 0.00067 0.00074 0.00087 0.000155596615773607 0.00069 0.000186656158616256 0.00067 0.00082
5.07946135905077e-05 0.000244353404784707 0.00072 0.00067 0.00071 0.00087 0.000116697461830205 0.00069 0.00010369786589792 0.00067 0.00078
5.27768424135519e-05 0.000246710208457399 0.00063 0.00066 0.00072 0.00087 0.000175046192745308 0.00068 0.000311093597693759 0.00067 0.00074
5.79801930740429e-05 0.000230683943483094 0.00063 0.00065 0.00071 0.00086 0.000116697461830205 0.00068 0.00010369786589792 0.00066 0.00073
4.55912629300167e-05 0.000229552677720202 0.00067 0.00065 0.00071 0.00086 5.83487309151026e-05 0.00068 0.000145177012257088 0.00066 0.00073
4.68301559444193e-05 0.000229081316985663 0.00065 0.00066 0.00072 0.00086 0.000136147038801906 0.00068 0.000145177012257088 0.00066 0.00075
4.8564606164583e-05 0.00022474479822791 0.00062 0.00066 0.00072 0.00085 0.000136147038801906 0.00068 8.29582927183359e-05 0.00065 0.00073
4.73257131501803e-05 0.000229835494160925 0.00068 0.00066 0.00073 0.00085 5.83487309151026e-05 0.00067 6.22187195387519e-05 0.00065 0.00073
3.84056834464814e-05 0.000219748374441803 0.00064 0.00065 0.00072 0.00085 7.77983078868035e-05 0.00067 0.000165916585436672 0.00065 0.00071
4.50957057242556e-05 0.000220031190882526 0.00068 0.00065 0.00073 0.00085 0.000155596615773607 0.00067 0.00010369786589792 0.00065 0.00074
4.83168275617025e-05 0.000211829514101558 0.00065 0.00065 0.00073 0.00084 0.000116697461830205 0.00067 0.000124437439077504 0.00065 0.00086
3.9149019255123e-05 0.000197877236359221 6e-04 0.00064 0.00074 0.00084 7.77983078868035e-05 0.00066 2.0739573179584e-05 0.00064 0.00074
4.28656982983309e-05 0.000204570558789666 0.00067 0.00064 0.00073 0.00084 0.000116697461830205 0.00066 0.000165916585436672 0.00064 7e-04
5.07946135905077e-05 0.00020805862822525 0.00065 0.00063 0.00071 0.00084 0.000136147038801906 0.00065 0.000165916585436672 0.00064 0.00073
4.18745838868088e-05 0.000193729261895283 0.00063 0.00063 0.00072 0.00083 9.72478848585043e-05 0.00065 4.14791463591679e-05 0.00064 0.00068
3.9149019255123e-05 0.00018976983172516 6e-04 0.00064 0.00072 0.00083 3.88991539434017e-05 0.00064 0.000165916585436672 0.00064 0.00068
3.93967978580035e-05 0.000189109926696807 6e-04 0.00063 0.00071 0.00082 3.88991539434017e-05 0.00064 0.000145177012257088 0.00063 0.00074
4.08834694752867e-05 0.000179588439859131 6e-04 0.00062 0.00072 0.00082 0.000116697461830205 0.00064 0.00010369786589792 0.00063 0.00072
4.75734917530609e-05 0.000177043091892624 0.00064 0.00061 0.00072 0.00081 7.77983078868035e-05 0.00063 8.29582927183359e-05 0.00063 7e-04
4.08834694752867e-05 0.000175723281835916 0.00064 0.00061 0.00073 0.00081 7.77983078868035e-05 0.00063 0.000165916585436672 0.00063 0.00072
4.3856812709853e-05 0.000181850971384915 6e-04 0.00062 0.00072 0.00082 1.94495769717009e-05 0.00063 0.000124437439077504 0.00063 0.00068
4.08834694752867e-05 0.000167144516467317 6e-04 0.00062 0.00071 0.00082 3.88991539434017e-05 0.00063 0.000124437439077504 0.00063 0.00067
4.01401336666451e-05 0.000174120655338486 6e-04 0.00061 0.00072 0.00082 0.000136147038801906 0.00063 0.000228135304975424 0.00062 0.00072
3.4441225800393e-05 0.000174874832513747 0.00057 0.00061 7e-04 0.00082 7.77983078868035e-05 0.00063 0.000124437439077504 0.00062 7e-04
3.96445764608841e-05 0.000166767427879687 0.00056 0.00061 0.00069 0.00082 9.72478848585043e-05 0.00063 0.000124437439077504 0.00062 0.00069
4.16268052839283e-05 0.000160168377596149 0.00055 0.00061 0.00069 0.00081 0.000136147038801906 0.00062 0.000165916585436672 0.00062 0.00079
3.89012406522425e-05 0.000159508472567795 0.00056 0.00061 0.00069 0.00081 5.83487309151026e-05 0.00062 0.000124437439077504 0.00062 0.00071
3.84056834464814e-05 0.000160451194036872 0.00057 0.00059 0.00068 0.00081 9.72478848585043e-05 0.00061 6.22187195387519e-05 0.00062 0.00069
3.59278974176762e-05 0.000159602744714703 0.00059 0.00059 0.00069 0.00081 3.88991539434017e-05 0.00061 0.000186656158616256 0.00062 0.00077
4.03879122695256e-05 0.000153569327312611 6e-04 0.00059 7e-04 0.00081 5.83487309151026e-05 0.00061 0.000124437439077504 0.00062 0.00072
3.49367830061541e-05 0.00014913853640795 0.00061 0.00059 0.00069 0.00082 9.72478848585043e-05 6e-04 0.000124437439077504 0.00062 0.00069
3.8653462049362e-05 0.00014508483409092 0.00054 0.00059 0.00071 0.00082 9.72478848585043e-05 6e-04 6.22187195387519e-05 0.00062 7e-04
4.08834694752867e-05 0.000146404644147628 0.00054 6e-04 0.00072 0.00082 0.000136147038801906 6e-04 0.000124437439077504 0.00062 0.00068
3.61756760205567e-05 0.000139994138157905 0.00055 6e-04 0.00072 0.00082 5.83487309151026e-05 6e-04 0.000124437439077504 0.00061 0.00068
3.56801188147957e-05 0.000141219676067705 0.00057 0.00059 7e-04 0.00082 3.88991539434017e-05 6e-04 2.0739573179584e-05 0.00061 0.00068
3.09723253600657e-05 0.000143765024034212 0.00056 0.00059 7e-04 0.00082 0.000116697461830205 6e-04 6.22187195387519e-05 0.00061 0.00071
3.12201039629462e-05 0.000141973853242967 0.00058 0.00058 0.00071 0.00081 3.88991539434017e-05 6e-04 0.000186656158616256 0.00061 0.00071
3.3945668594632e-05 0.000142445213977505 0.00056 0.00058 0.00069 0.00081 7.77983078868035e-05 6e-04 8.29582927183359e-05 0.00061 0.00069
3.64234546234372e-05 0.000131509644936214 0.00058 0.00057 0.00068 0.00081 7.77983078868035e-05 0.00061 6.22187195387519e-05 0.00062 0.00068
3.24589969773488e-05 0.000133395087874368 0.00055 0.00057 0.00069 8e-04 0.000155596615773607 0.00061 8.29582927183359e-05 0.00062 0.00068
3.4441225800393e-05 0.000129529929851153 0.00053 0.00058 0.00069 8e-04 5.83487309151026e-05 0.00061 6.22187195387519e-05 0.00061 0.00067
3.74145690349593e-05 0.000132923727139829 0.00054 0.00058 0.00068 0.00079 5.83487309151026e-05 0.00061 4.14791463591679e-05 0.00061 0.00069
3.22112183744683e-05 0.000128210119794445 0.00053 0.00058 0.00067 0.00079 7.77983078868035e-05 6e-04 0.000124437439077504 0.00061 0.00067
2.9733432345663e-05 0.000127361670472276 0.00051 0.00058 0.00068 0.00079 7.77983078868035e-05 6e-04 6.22187195387519e-05 6e-04 0.00068
3.32023327859904e-05 0.000121893885951631 0.00053 0.00057 0.00067 0.00078 7.77983078868035e-05 6e-04 6.22187195387519e-05 6e-04 0.00069
3.12201039629462e-05 0.000122553790979984 0.00052 0.00057 0.00068 0.00078 0.000116697461830205 6e-04 4.14791463591679e-05 6e-04 0.00069
3.89012406522425e-05 0.000128964296969707 0.00052 0.00057 0.00069 0.00078 7.77983078868035e-05 6e-04 2.0739573179584e-05 0.00059 0.00068
2.99812109485436e-05 0.000121139708776369 0.00051 0.00057 7e-04 0.00078 1.94495769717009e-05 0.00059 6.22187195387519e-05 0.00059 0.00066
3.17156611687073e-05 0.000115577652108816 0.00054 0.00056 0.00067 0.00078 0.000116697461830205 0.00059 0.00010369786589792 0.00059 7e-04
3.17156611687073e-05 0.00011746309504697 0.00057 0.00057 0.00066 0.00078 7.77983078868035e-05 0.00059 6.22187195387519e-05 0.00059 0.00071
2.89900965370215e-05 0.00011501201922737 0.00054 0.00057 0.00066 0.00078 0.000116697461830205 0.00058 6.22187195387519e-05 0.00058 0.00074
3.12201039629462e-05 0.000108130152503109 0.00053 0.00057 0.00067 0.00077 9.72478848585043e-05 0.00058 8.29582927183359e-05 0.00058 0.00073
3.12201039629462e-05 0.000107375975327848 0.00053 0.00057 0.00067 0.00077 0.000175046192745308 0.00058 0.000124437439077504 0.00059 0.00071
3.17156611687073e-05 0.000112843759848493 0.00055 0.00056 0.00067 0.00077 5.83487309151026e-05 0.00057 0.000145177012257088 0.00059 7e-04
3.36978899917515e-05 0.000115577652108816 0.00057 0.00056 0.00067 0.00076 5.83487309151026e-05 0.00057 4.14791463591679e-05 0.00059 0.00072
2.79989821254994e-05 0.000106716070299494 0.00052 0.00056 0.00068 0.00076 7.77983078868035e-05 0.00056 0.000124437439077504 0.00059 0.00071
3.34501113888709e-05 0.000109167146119094 0.00052 0.00056 0.00067 0.00076 7.77983078868035e-05 0.00056 4.14791463591679e-05 0.00058 0.00073
2.9237875139902e-05 0.000108318696796925 0.00052 0.00056 0.00067 0.00075 0.000155596615773607 0.00055 4.14791463591679e-05 0.00059 0.00069
2.65123105082162e-05 0.00010039983645668 0.00051 0.00055 0.00065 0.00075 7.77983078868035e-05 0.00055 6.22187195387519e-05 0.00059 0.00072
2.84945393312604e-05 9.87029378123413e-05 0.00051 0.00055 0.00065 0.00075 7.77983078868035e-05 0.00055 2.0739573179584e-05 0.00058 0.00067
3.51845616090346e-05 0.000102662367982464 5e-04 0.00054 0.00065 0.00075 0.000116697461830205 0.00054 6.22187195387519e-05 0.00058 0.00066
3.12201039629462e-05 9.62518619927416e-05 0.00049 0.00055 0.00065 0.00075 0.000116697461830205 0.00054 0.00010369786589792 0.00058 0.00067
3.12201039629462e-05 9.60633176989263e-05 0.00048 0.00054 0.00068 0.00075 5.83487309151026e-05 0.00054 6.22187195387519e-05 0.00057 0.00069
3.17156611687073e-05 9.27637925571574e-05 5e-04 0.00053 0.00068 0.00074 7.77983078868035e-05 0.00054 8.29582927183359e-05 0.00057 0.00069
2.79989821254994e-05 0.000100211292162864 5e-04 0.00053 0.00069 0.00073 9.72478848585043e-05 0.00054 8.29582927183359e-05 0.00057 0.00069
2.82467607283799e-05 9.78544884901722e-05 5e-04 0.00053 0.00067 0.00073 7.77983078868035e-05 0.00054 4.14791463591679e-05 0.00057 0.00066
2.70078677139773e-05 9.30466089978805e-05 0.00049 0.00054 0.00065 0.00072 0.000116697461830205 0.00054 0.00010369786589792 0.00057 0.00069
2.27956314650083e-05 9.47435076422187e-05 0.00049 0.00054 0.00064 0.00072 9.72478848585043e-05 0.00054 0.00010369786589792 0.00056 0.00067
2.79989821254994e-05 9.50263240829418e-05 0.00049 0.00054 0.00064 0.00072 9.72478848585043e-05 0.00054 4.14791463591679e-05 0.00056 0.00067
2.57689746995746e-05 9.1726798941173e-05 0.00048 0.00053 0.00065 0.00072 5.83487309151026e-05 0.00054 0.000124437439077504 0.00056 7e-04
2.9237875139902e-05 9.03127167375577e-05 0.00048 0.00053 0.00065 0.00072 1.94495769717009e-05 0.00054 4.14791463591679e-05 0.00057 0.00069
2.79989821254994e-05 9.14439825004499e-05 0.00049 0.00053 0.00066 0.00072 7.77983078868035e-05 0.00054 0.000124437439077504 0.00057 0.00067
2.87423179341409e-05 8.66361030081582e-05 0.00049 0.00053 0.00066 0.00072 1.94495769717009e-05 0.00054 8.29582927183359e-05 0.00056 0.00065
3.49367830061541e-05 8.73902801834197e-05 0.00049 0.00053 0.00064 0.00072 7.77983078868035e-05 0.00053 8.29582927183359e-05 0.00056 0.00063
2.82467607283799e-05 8.56933815390814e-05 5e-04 0.00052 0.00065 0.00072 7.77983078868035e-05 0.00053 4.14791463591679e-05 0.00056 0.00062
2.87423179341409e-05 8.40907550416509e-05 0.00052 0.00052 0.00064 0.00072 0.000136147038801906 0.00053 6.22187195387519e-05 0.00056 0.00064
3.02289895514241e-05 7.86229705210054e-05 5e-04 0.00051 0.00064 0.00072 1.94495769717009e-05 0.00052 4.14791463591679e-05 0.00057 0.00064
2.67600891110967e-05 8.63532865674352e-05 0.00046 0.00051 0.00064 0.00072 9.72478848585043e-05 0.00052 4.14791463591679e-05 0.00057 0.00065
2.47778602880525e-05 8.57876536859891e-05 0.00046 0.00052 0.00065 0.00071 3.88991539434017e-05 0.00052 0.00010369786589792 0.00057 0.00065
2.57689746995746e-05 8.70131915957889e-05 0.00046 0.00052 0.00064 0.00071 1.94495769717009e-05 0.00052 0.00010369786589792 0.00057 0.00067
2.23000742592473e-05 7.69260718766671e-05 0.00047 0.00052 0.00064 0.00071 0.000116697461830205 0.00051 6.22187195387519e-05 0.00056 0.00063
2.62645319053357e-05 7.67375275828518e-05 0.00046 0.00052 0.00065 0.00071 5.83487309151026e-05 0.00051 6.22187195387519e-05 0.00056 0.00064
2.75034249197383e-05 7.82458819333747e-05 0.00047 0.00052 0.00064 0.00071 7.77983078868035e-05 0.00051 6.22187195387519e-05 0.00056 0.00063
2.05656240390836e-05 7.43807239101598e-05 0.00046 0.00051 0.00064 0.00072 0.000136147038801906 0.00051 6.22187195387519e-05 0.00056 0.00065
2.47778602880525e-05 7.73031604642979e-05 0.00046 0.00051 0.00064 0.00072 3.88991539434017e-05 0.00051 0.00010369786589792 0.00056 0.00063
2.08134026419641e-05 7.36265467348983e-05 0.00045 0.00051 0.00064 0.00072 1.94495769717009e-05 0.00051 2.0739573179584e-05 0.00056 0.00062
2.50256388909331e-05 7.57005339668673e-05 0.00045 0.00051 0.00065 0.00071 5.83487309151026e-05 0.00051 2.0739573179584e-05 0.00056 0.00062
2.52734174938136e-05 7.09869266214833e-05 0.00044 0.00051 0.00065 0.00071 0.000116697461830205 5e-04 4.14791463591679e-05 0.00056 0.00061
2.9733432345663e-05 7.42864517632521e-05 0.00045 0.00051 0.00063 7e-04 1.94495769717009e-05 5e-04 6.22187195387519e-05 0.00056 0.00064
2.37867458765304e-05 7.1364015209114e-05 0.00045 0.00051 0.00063 0.00069 0.000116697461830205 5e-04 2.0739573179584e-05 0.00056 0.00063
2.35389672736499e-05 6.91957558302374e-05 0.00049 0.00051 0.00065 0.00069 9.72478848585043e-05 5e-04 0.000165916585436672 0.00055 6e-04
2.10611812448447e-05 6.80644900673452e-05 0.00048 0.00051 0.00065 0.00068 7.77983078868035e-05 5e-04 4.14791463591679e-05 0.00055 0.00062
2.35389672736499e-05 6.30680662812381e-05 0.00043 0.00051 0.00063 0.00068 9.72478848585043e-05 5e-04 6.22187195387519e-05 0.00055 0.00061
2.4034524479411e-05 6.4576420631761e-05 0.00043 5e-04 6e-04 0.00067 3.88991539434017e-05 5e-04 0.000124437439077504 0.00055 0.00062
2.00700668333226e-05 6.77816736266222e-05 0.00043 5e-04 0.00059 0.00067 5.83487309151026e-05 5e-04 4.14791463591679e-05 0.00055 0.00062
2.4530081685172e-05 6.41050598972226e-05 0.00043 5e-04 0.00061 0.00067 9.72478848585043e-05 5e-04 2.0739573179584e-05 0.00055 0.00062
2.47778602880525e-05 6.09940790492692e-05 0.00044 5e-04 0.00064 0.00067 5.83487309151026e-05 5e-04 4.14791463591679e-05 0.00055 0.00061
2.4034524479411e-05 6.4293604191038e-05 0.00044 5e-04 0.00064 0.00067 7.77983078868035e-05 5e-04 2.0739573179584e-05 0.00055 6e-04
2.35389672736499e-05 6.665040786373e-05 0.00043 5e-04 0.00062 0.00067 3.88991539434017e-05 0.00049 2.0739573179584e-05 0.00055 0.00057
2.15567384506057e-05 6.61790471291916e-05 0.00043 5e-04 0.00063 0.00067 5.83487309151026e-05 0.00049 0.00010369786589792 0.00054 0.00059
2.30434100678889e-05 6.39165156034073e-05 0.00042 0.00049 0.00064 0.00067 5.83487309151026e-05 0.00049 4.14791463591679e-05 0.00054 0.00059
2.62645319053357e-05 6.10883511961768e-05 0.00044 0.00049 0.00063 0.00067 5.83487309151026e-05 0.00049 4.14791463591679e-05 0.00054 0.00059
2.03178454362031e-05 6.62733192760993e-05 0.00044 0.00049 6e-04 0.00067 0.000116697461830205 0.00049 0.000124437439077504 0.00054 0.00059
2.05656240390836e-05 6.13711676368999e-05 0.00044 0.00049 0.00059 0.00067 5.83487309151026e-05 0.00048 4.14791463591679e-05 0.00054 0.00057
2.70078677139773e-05 6.03341740209154e-05 0.00045 5e-04 0.00059 0.00067 7.77983078868035e-05 0.00048 2.0739573179584e-05 0.00054 0.00058
2.00700668333226e-05 5.60919274100698e-05 0.00047 5e-04 0.00061 0.00067 7.77983078868035e-05 0.00048 4.14791463591679e-05 0.00054 0.00058
2.13089598477252e-05 5.84487310827618e-05 0.00044 5e-04 6e-04 0.00067 1.94495769717009e-05 0.00048 4.14791463591679e-05 0.00054 0.00057
1.78400594073978e-05 5.37351237373778e-05 0.00044 5e-04 0.00062 0.00067 5.83487309151026e-05 0.00048 6.22187195387519e-05 0.00054 0.00057
2.18045170534862e-05 5.11897757708704e-05 0.00047 0.00049 0.00062 0.00067 7.77983078868035e-05 0.00048 4.14791463591679e-05 0.00054 6e-04
2.25478528621278e-05 5.33580351497471e-05 0.00047 0.00049 0.00062 0.00066 7.77983078868035e-05 0.00048 6.22187195387519e-05 0.00054 0.00059
2.15567384506057e-05 5.5432022381716e-05 0.00043 0.00049 0.00061 0.00066 5.83487309151026e-05 0.00047 2.0739573179584e-05 0.00054 0.00059
2.20522956563668e-05 5.89200918173002e-05 0.00042 0.00049 6e-04 0.00066 1.94495769717009e-05 0.00047 6.22187195387519e-05 0.00054 0.00058
2.20522956563668e-05 5.13783200646858e-05 0.00041 0.00048 0.00063 0.00066 1.94495769717009e-05 0.00047 0.00010369786589792 0.00054 0.00059
2.15567384506057e-05 5.40179401781008e-05 0.00043 0.00048 0.00063 0.00066 5.83487309151026e-05 0.00047 2.0739573179584e-05 0.00053 6e-04
1.9326731024681e-05 5.59976552631621e-05 0.00042 0.00048 0.00061 0.00067 3.88991539434017e-05 0.00047 6.22187195387519e-05 0.00053 0.00061
2.15567384506057e-05 4.90215163919938e-05 0.00044 0.00048 0.00061 0.00067 0.000175046192745308 0.00047 0.00010369786589792 0.00053 6e-04
2.15567384506057e-05 5.10955036239627e-05 0.00041 0.00048 0.00063 0.00067 0.000175046192745308 0.00047 2.0739573179584e-05 0.00053 0.00059
2.00700668333226e-05 4.72303456007478e-05 4e-04 0.00048 0.00064 0.00067 3.88991539434017e-05 0.00046 4.14791463591679e-05 0.00053 0.00059
2.42823030822915e-05 4.67589848662094e-05 0.00039 0.00048 0.00062 0.00067 7.77983078868035e-05 0.00046 4.14791463591679e-05 0.00053 0.00058
2.42823030822915e-05 4.77959784821939e-05 0.00039 0.00048 0.00063 0.00067 7.77983078868035e-05 0.00046 8.29582927183359e-05 0.00053 0.00059
2.25478528621278e-05 4.95871492734399e-05 4e-04 0.00048 0.00064 0.00066 3.88991539434017e-05 0.00046 8.29582927183359e-05 0.00053 0.00059
1.63533877901147e-05 5.00585100079783e-05 0.00039 0.00048 0.00062 0.00067 3.88991539434017e-05 0.00046 4.14791463591679e-05 0.00053 0.00059
1.9326731024681e-05 4.92100606858091e-05 4e-04 0.00049 0.00061 0.00067 1.94495769717009e-05 0.00046 4.14791463591679e-05 0.00053 0.00058
2.18045170534862e-05 5.06241428894243e-05 4e-04 0.00048 0.00062 0.00067 9.72478848585043e-05 0.00045 2.0739573179584e-05 0.00053 6e-04
2.08134026419641e-05 4.18568332270101e-05 0.00039 0.00048 0.00062 0.00066 0.000116697461830205 0.00045 4.14791463591679e-05 0.00053 6e-04
1.83356166131589e-05 4.64761684254864e-05 4e-04 0.00047 0.00063 0.00066 1.94495769717009e-05 0.00045 6.22187195387519e-05 0.00054 0.00059
1.9822288230442e-05 4.78902506291016e-05 0.00039 0.00048 0.00063 0.00066 3.88991539434017e-05 0.00045 4.14791463591679e-05 0.00054 0.00057
1.9326731024681e-05 5.03413264487013e-05 0.00039 0.00047 0.00062 0.00066 3.88991539434017e-05 0.00045 0.000124437439077504 0.00054 0.00059
2.05656240390836e-05 4.24224661084561e-05 0.00038 0.00047 0.00062 0.00066 7.77983078868035e-05 0.00045 8.29582927183359e-05 0.00053 0.00058
2.03178454362031e-05 4.48735419280558e-05 0.00039 0.00047 6e-04 0.00066 3.88991539434017e-05 0.00045 6.22187195387519e-05 0.00053 0.00059
1.58578305843536e-05 4.60990798378557e-05 0.00038 0.00047 0.00059 0.00066 7.77983078868035e-05 0.00045 0.00010369786589792 0.00052 0.00059
1.61056091872341e-05 4.3648004018256e-05 0.00039 0.00047 0.00061 0.00065 1.94495769717009e-05 0.00045 4.14791463591679e-05 0.00052 0.00058
1.78400594073978e-05 4.37422761651637e-05 0.00038 0.00047 0.00062 0.00065 1.94495769717009e-05 0.00045 4.14791463591679e-05 0.00052 6e-04
1.88311738189199e-05 4.49678140749635e-05 0.00039 0.00047 0.00062 0.00065 3.88991539434017e-05 0.00045 6.22187195387519e-05 0.00052 6e-04
1.5114494775712e-05 4.1291200345564e-05 0.00039 0.00047 0.00063 0.00065 0.000116697461830205 0.00045 6.22187195387519e-05 0.00052 0.00061
1.68489449958757e-05 4.14797446393793e-05 0.00038 0.00047 0.00063 0.00065 5.83487309151026e-05 0.00045 4.14791463591679e-05 0.00052 0.00062
1.68489449958757e-05 3.96885738481334e-05 0.00039 0.00047 0.00062 0.00065 1.94495769717009e-05 0.00045 4.14791463591679e-05 0.00053 6e-04
1.43711589670705e-05 4.11969281986563e-05 0.00039 0.00047 0.00063 0.00065 5.83487309151026e-05 0.00045 2.0739573179584e-05 0.00053 0.00061
2.15567384506057e-05 4.07255674641179e-05 0.00039 0.00047 0.00061 0.00065 5.83487309151026e-05 0.00045 2.0739573179584e-05 0.00053 0.00062
1.73445022016368e-05 3.78031309099798e-05 4e-04 0.00048 0.00063 0.00065 3.88991539434017e-05 0.00045 0.000124437439077504 0.00053 0.00064
1.9326731024681e-05 3.94057574074104e-05 0.00041 0.00047 0.00062 0.00065 3.88991539434017e-05 0.00045 4.14791463591679e-05 0.00053 0.00063
1.70967235987563e-05 3.66718651470876e-05 0.00042 0.00047 0.00061 0.00066 5.83487309151026e-05 0.00045 2.0739573179584e-05 0.00053 6e-04
2.05656240390836e-05 3.70489537347184e-05 0.00039 0.00047 0.00061 0.00066 1.94495769717009e-05 0.00045 8.29582927183359e-05 0.00053 0.00061
1.80878380102784e-05 3.77088587630721e-05 4e-04 0.00046 0.00063 0.00066 7.77983078868035e-05 0.00045 8.29582927183359e-05 0.00054 0.00063
1.90789524218005e-05 3.50692386496571e-05 0.00038 0.00046 0.00063 0.00066 1.94495769717009e-05 0.00046 2.0739573179584e-05 0.00054 0.00064
1.33800445555484e-05 3.75203144692568e-05 4e-04 0.00047 0.00063 0.00066 1.94495769717009e-05 0.00046 4.14791463591679e-05 0.00054 0.00066
1.70967235987563e-05 3.82744916445182e-05 0.00038 0.00047 0.00062 0.00066 1.94495769717009e-05 0.00046 2.0739573179584e-05 0.00054 0.00064
1.68489449958757e-05 3.57291436780108e-05 0.00038 0.00047 0.00062 0.00066 5.83487309151026e-05 0.00046 2.0739573179584e-05 0.00054 0.00063
1.58578305843536e-05 3.49749665027494e-05 0.00038 0.00047 0.00061 0.00066 3.88991539434017e-05 0.00046 6.22187195387519e-05 0.00054 0.00063
1.90789524218005e-05 3.45978779151187e-05 0.00038 0.00047 0.00062 0.00066 3.88991539434017e-05 0.00046 2.0739573179584e-05 0.00054 0.00063
1.5114494775712e-05 3.04499034511807e-05 0.00039 0.00048 0.00063 0.00066 3.88991539434017e-05 0.00047 6.22187195387519e-05 0.00055 0.00062
1.63533877901147e-05 3.29952514176881e-05 0.00038 0.00048 0.00065 0.00066 5.83487309151026e-05 0.00047 6.22187195387519e-05 0.00055 0.00064
1.38756017613094e-05 3.31837957115035e-05 0.00039 0.00048 0.00064 0.00066 7.77983078868035e-05 0.00047 4.14791463591679e-05 0.00055 0.00066
2.00700668333226e-05 3.35608842991342e-05 0.00044 0.00049 0.00064 0.00066 3.88991539434017e-05 0.00047 2.0739573179584e-05 0.00055 0.00068
1.33800445555484e-05 3.44093336213033e-05 0.00039 0.00049 0.00064 0.00067 1.94495769717009e-05 0.00047 2.0739573179584e-05 0.00056 0.00068
1.68489449958757e-05 3.19582578017036e-05 0.00039 0.00048 0.00064 0.00067 1.94495769717009e-05 0.00048 6.22187195387519e-05 0.00056 0.00068
1.68489449958757e-05 3.27124349769651e-05 0.00039 0.00048 0.00064 0.00067 3.88991539434017e-05 0.00048 2.0739573179584e-05 0.00056 0.00068
1.26367087469068e-05 3.2146802095519e-05 0.00039 0.00048 0.00064 0.00067 5.83487309151026e-05 0.00048 4.14791463591679e-05 0.00056 0.00068
1.83356166131589e-05 3.10155363326268e-05 0.00039 0.00048 0.00066 0.00067 1.94495769717009e-05 0.00047 2.0739573179584e-05 0.00056 0.00068
1.80878380102784e-05 3.16754413609806e-05 4e-04 0.00049 0.00063 0.00068 3.88991539434017e-05 0.00047 2.0739573179584e-05 0.00056 0.00068
1.4618937569951e-05 3.29009792707804e-05 0.00041 0.00049 0.00063 0.00069 5.83487309151026e-05 0.00047 2.0739573179584e-05 0.00056 0.00066
1.38756017613094e-05 3.20525299486113e-05 0.00041 0.00049 0.00064 0.00069 1.94495769717009e-05 0.00047 4.14791463591679e-05 0.00056 0.00067
1.33800445555484e-05 2.96957262759193e-05 4e-04 0.00049 0.00064 7e-04 7.77983078868035e-05 0.00046 4.14791463591679e-05 0.00057 7e-04
1.66011663929952e-05 3.15811692140729e-05 0.00039 0.00049 0.00064 7e-04 3.88991539434017e-05 0.00046 4.14791463591679e-05 0.00057 0.00072
1.28844873497873e-05 2.80930997784887e-05 0.00039 0.00049 0.00065 7e-04 5.83487309151026e-05 0.00045 4.14791463591679e-05 0.00058 0.00072
1.43711589670705e-05 2.66790175748735e-05 0.00038 0.00049 0.00066 0.00071 1.94495769717009e-05 0.00045 4.14791463591679e-05 0.00058 0.00071
1.41233803641899e-05 2.76217390439503e-05 0.00038 5e-04 0.00069 0.00071 1.94495769717009e-05 0.00044 6.22187195387519e-05 0.00059 7e-04
1.26367087469068e-05 2.58305682527044e-05 0.00038 5e-04 0.00067 0.00071 3.88991539434017e-05 0.00044 4.14791463591679e-05 0.00059 7e-04
1.01589227181015e-05 3.04499034511807e-05 0.00038 5e-04 0.00064 0.00071 1.94495769717009e-05 0.00044 8.29582927183359e-05 0.00059 0.00072
1.43711589670705e-05 2.67732897217812e-05 0.00039 5e-04 0.00064 0.00071 3.88991539434017e-05 0.00044 6.22187195387519e-05 6e-04 0.00073
1.43711589670705e-05 2.7433194750135e-05 4e-04 0.00051 0.00066 0.00072 3.88991539434017e-05 0.00044 2.0739573179584e-05 6e-04 0.00075
1.56100519814731e-05 2.58305682527044e-05 4e-04 0.00052 0.00068 0.00072 3.88991539434017e-05 0.00044 2.0739573179584e-05 6e-04 0.00077
1.28844873497873e-05 2.9789998422827e-05 0.00039 0.00052 0.00068 0.00072 9.72478848585043e-05 0.00044 4.14791463591679e-05 0.00061 0.00078
1.21411515411457e-05 2.75274668970427e-05 4e-04 0.00053 0.00069 0.00073 5.83487309151026e-05 0.00044 6.22187195387519e-05 0.00061 0.00077
1.36278231584289e-05 2.3285220286197e-05 0.00041 0.00053 0.00069 0.00073 1.94495769717009e-05 0.00044 2.0739573179584e-05 0.00062 0.00079
1.18933729382652e-05 2.3285220286197e-05 0.00042 0.00053 7e-04 0.00073 3.88991539434017e-05 0.00045 4.14791463591679e-05 0.00063 0.00078
8.17669389505734e-06 2.83759162192118e-05 0.00041 0.00053 0.00069 0.00074 1.94495769717009e-05 0.00045 4.14791463591679e-05 0.00063 0.00079
1.33800445555484e-05 2.5642023958889e-05 0.00042 0.00053 0.00069 0.00074 5.83487309151026e-05 0.00045 2.0739573179584e-05 0.00063 0.00081
1.01589227181015e-05 2.38508531676431e-05 0.00046 0.00054 7e-04 0.00074 5.83487309151026e-05 0.00046 2.0739573179584e-05 0.00063 8e-04
1.26367087469068e-05 2.16825937887665e-05 0.00047 0.00054 0.00071 0.00075 3.88991539434017e-05 0.00046 8.29582927183359e-05 0.00064 0.00082
1.43711589670705e-05 2.49821189305353e-05 0.00046 0.00055 0.00071 0.00076 3.88991539434017e-05 0.00046 0.00010369786589792 0.00064 0.00083
1.31322659526678e-05 2.28138595516586e-05 0.00043 0.00055 0.00071 0.00077 5.83487309151026e-05 0.00047 4.14791463591679e-05 0.00065 0.00086
1.33800445555484e-05 2.59248403996121e-05 0.00043 0.00055 0.00072 0.00077 3.88991539434017e-05 0.00047 4.14791463591679e-05 0.00066 0.00092
1.16455943353847e-05 2.44164860490892e-05 0.00046 0.00055 0.00073 0.00078 1.94495769717009e-05 0.00047 4.14791463591679e-05 0.00067 0.00088
1.28844873497873e-05 2.31909481392894e-05 0.00044 0.00056 0.00074 0.00079 3.88991539434017e-05 0.00048 6.22187195387519e-05 0.00068 0.00086
9.91114411522102e-06 2.46993024898122e-05 0.00045 0.00057 0.00077 0.00079 3.88991539434017e-05 0.00048 4.14791463591679e-05 7e-04 0.00088
1.06544799238626e-05 2.44164860490892e-05 0.00046 0.00058 0.00077 8e-04 1.94495769717009e-05 0.00048 2.0739573179584e-05 0.00071 0.00092
1.09022585267431e-05 2.33794924331047e-05 0.00046 0.00059 8e-04 0.00081 5.83487309151026e-05 0.00049 2.0739573179584e-05 0.00072 0.00092
9.66336551234049e-06 2.08341444665973e-05 0.00047 6e-04 0.00081 0.00081 3.88991539434017e-05 0.00049 4.14791463591679e-05 0.00073 0.00096
1.11500371296236e-05 2.12112330542281e-05 0.00047 0.00061 0.00083 0.00082 1.94495769717009e-05 0.00049 2.0739573179584e-05 0.00074 0.00098
1.01589227181015e-05 2.29081316985663e-05 0.00049 0.00062 0.00083 0.00082 5.83487309151026e-05 0.00049 2.0739573179584e-05 0.00075 0.001
1.31322659526678e-05 2.3002403845474e-05 0.00054 0.00064 0.00084 0.00083 5.83487309151026e-05 5e-04 2.0739573179584e-05 0.00075 0.001
1.04067013209821e-05 2.2719587404751e-05 0.00052 0.00065 0.00084 0.00084 1.94495769717009e-05 5e-04 2.0739573179584e-05 0.00077 0.00105
9.66336551234049e-06 2.26253152578433e-05 0.00049 0.00065 0.00085 0.00085 5.83487309151026e-05 5e-04 0.000228135304975424 0.00079 0.00102
9.91114411522102e-06 2.0645600172782e-05 0.00049 0.00065 0.00086 0.00087 5.83487309151026e-05 0.00051 4.14791463591679e-05 0.00081 0.00106
1.04067013209821e-05 2.08341444665973e-05 0.00052 0.00067 0.00088 0.00089 3.88991539434017e-05 0.00052 6.22187195387519e-05 0.00083 0.00106
1.11500371296236e-05 2.15883216418588e-05 0.00052 0.00068 9e-04 0.00091 3.88991539434017e-05 0.00052 4.14791463591679e-05 0.00085 0.0011
1.13978157325042e-05 1.87601572346284e-05 0.00054 0.00071 0.00093 0.00093 3.88991539434017e-05 0.00053 4.14791463591679e-05 0.00086 0.00117
8.42447249793786e-06 1.90429736753514e-05 0.00056 0.00072 0.00095 0.00094 1.94495769717009e-05 0.00054 2.0739573179584e-05 0.00087 0.0012
1.31322659526678e-05 1.94200622629821e-05 0.00059 0.00074 0.001 0.00096 9.72478848585043e-05 0.00055 4.14791463591679e-05 0.00088 0.0012
9.66336551234049e-06 2.2719587404751e-05 0.00061 0.00075 0.00101 0.00099 3.88991539434017e-05 0.00055 4.14791463591679e-05 9e-04 0.00124
1.63533877901147e-05 1.94200622629821e-05 0.00059 0.00077 0.00102 0.00101 1.94495769717009e-05 0.00056 4.14791463591679e-05 0.00092 0.00128
1.16455943353847e-05 2.05513280258743e-05 0.00059 0.00078 0.00103 0.00104 5.83487309151026e-05 0.00057 4.14791463591679e-05 0.00095 0.00133
1.23889301440263e-05 1.93257901160745e-05 0.00062 0.00081 0.00105 0.00106 1.94495769717009e-05 0.00058 6.22187195387519e-05 0.00098 0.00135
1.4618937569951e-05 2.16825937887665e-05 0.00067 0.00083 0.00109 0.00109 3.88991539434017e-05 0.00059 4.14791463591679e-05 0.00102 0.00137
9.91114411522102e-06 1.99856951444282e-05 0.00069 0.00086 0.00112 0.00112 1.94495769717009e-05 6e-04 4.14791463591679e-05 0.00105 0.00145
7.92891529217681e-06 2.01742394382436e-05 0.00069 0.00089 0.00115 0.00115 1.94495769717009e-05 6e-04 2.0739573179584e-05 0.00108 0.0015
9.66336551234049e-06 1.67804421495671e-05 0.00071 0.00092 0.00118 0.00117 3.88991539434017e-05 0.00061 6.22187195387519e-05 0.00111 0.00155
1.01589227181015e-05 2.02685115851513e-05 7e-04 0.00095 0.00122 0.00119 1.94495769717009e-05 0.00061 2.0739573179584e-05 0.00113 0.00165
7.68113668929629e-06 2.0928416613505e-05 0.00077 0.001 0.00129 0.0012 3.88991539434017e-05 0.00062 2.0739573179584e-05 0.00115 0.00174
