0.0184020445576402 0.00733865330592016 0.00879175721757276 0.0128777676337967
0.00674030293216412 0.00329994856366602 0.00332000653578489 0.0054709721760207
0.00762853221804902 0.00474787770168978 0.0042256377152889 0.00585614935294264
0.00936808045756356 0.00567113974709736 0.00674053190444858 0.0117601539133378
0.00661569621495991 0.0024786707737578 0.00298479111133255 0.0048489460680513
0.00373495010968688 0.00153819001255867 0.00154240310259277 0.00269917108369468
0.00333456917307667 0.00144508988169643 0.00149931051865703 0.00228637984926663
0.00381783807666212 0.00274107301175122 0.00303589772522447 0.00585614935294264
0.00763256213025556 0.00264710278620803 0.00336122154698804 0.00472040102755434
0.00480333478898647 0.00194054011081526 0.00177897726689889 0.00395238219101198
0.00409718426370573 0.00175928565043516 0.00160555365864739 0.00269917108369468
0.00474700760700882 0.00257044286537016 0.00266830561974921 0.0054709721760207
0.00853970452683702 0.00440597628653115 0.00377611932643315 0.00808771323730907
0.00573891554329811 0.00336790753769433 0.00285601709855114 0.00472040102755434
0.00599147197305967 0.00364620045222942 0.00367930984456262 0.0048489460680513
0.0079670906378545 0.00613554133444315 0.00654004377217368 0.0128777676337967
0.00899764909576097 0.00408225527075881 0.00423497978449495 0.00654004377217368
0.00259585878894544 0.00198610559542319 0.00139494495139926 0.00266830561974921
0.00319956711415789 0.00265333083234539 0.00175411087680632 0.00303589772522447
0.00443766605070069 0.00392256999957503 0.00305755850333457 0.00674053190444858
0.00480351796681404 0.00174064730647995 0.00201513928109297 0.00367930984456262
0.00197575604816551 0.000844129223897526 0.000737611317165814 0.00160555365864739
0.00158824335394206 0.000877971327541006 0.000819033861520493 0.00149931051865703
0.0019601401383652 0.00220349188229139 0.00175411087680632 0.0042256377152889
0.00354357507433356 0.00162181069084419 0.00170877436448285 0.00285601709855114
0.00151987222980171 0.000918133066235637 0.000661500929810653 0.00177897726689889
0.00152646663159422 0.000978993899445631 0.000737611317165814 0.00154240310259277
0.00220317132109315 0.00163779295629963 0.00139494495139926 0.00332000653578489
0.00429382566160168 0.0025250147641329 0.00207261132449293 0.00377611932643315
0.00331670933488864 0.00222245078744484 0.00170877436448285 0.00336122154698804
0.00330686352665677 0.00232736588818532 0.00201513928109297 0.00298479111133255
0.0040329346406857 0.0053475103202388 0.00423497978449495 0.00879175721757276
0.00902590427566358 0.00331322895616481 0.0053475103202388 0.00613554133444315
0.00292077046059698 0.00145159269457515 0.00163779295629963 0.00257044286537016
0.00347584507258971 0.0022004236536796 0.00220349188229139 0.00274107301175122
0.00448117078474847 0.00260501768032392 0.00392256999957503 0.00567113974709736
0.0047308879581827 0.00168143507371809 0.00232736588818532 0.00364620045222942
0.00222116854265186 0.000869316175188343 0.000978993899445631 0.00175928565043516
0.00169416593273417 0.000858325505534169 0.000877971327541006 0.00144508988169643
0.00285661242649074 0.0022004236536796 0.00265333083234539 0.00474787770168978
0.00473963469944915 0.00152646663159422 0.00222245078744484 0.00336790753769433
0.00204440193904721 0.000926101301734914 0.000918133066235637 0.00194054011081526
0.00191530736506755 0.000869316175188343 0.000844129223897526 0.00153819001255867
0.00277290015929144 0.00145159269457515 0.00198610559542319 0.00329994856366602
0.00507223983985862 0.00236624538208697 0.0025250147641329 0.00440597628653115
0.00278045624467868 0.00152646663159422 0.00162181069084419 0.00264710278620803
0.00273598982703617 0.00168143507371809 0.00174064730647995 0.0024786707737578
0.00405633560815771 0.00331322895616481 0.00408225527075881 0.00733865330592016
0.0109303125599907 0.00405633560815771 0.0040329346406857 0.0079670906378545
0.00465303738146563 0.00277290015929144 0.00220317132109315 0.00474700760700882
0.00403696455289223 0.00285661242649074 0.0019601401383652 0.00381783807666212
0.00651577271002071 0.00448117078474847 0.00443766605070069 0.00936808045756356
0.0077057874668265 0.00273598982703617 0.00330686352665677 0.00599147197305967
0.00431347148360852 0.00191530736506755 0.00152646663159422 0.00409718426370573
0.00310710810569214 0.00169416593273417 0.00158824335394206 0.00333456917307667
0.00403696455289223 0.00347584507258971 0.00319956711415789 0.00762853221804902
0.0079002765252485 0.00278045624467868 0.00331670933488864 0.00573891554329811
0.00401951686481623 0.00204440193904721 0.00151987222980171 0.00480333478898647
0.00431347148360852 0.00222116854265186 0.00197575604816551 0.00373495010968688
0.00465303738146563 0.00292077046059698 0.00259585878894544 0.00674030293216412
0.00907403424985749 0.00507223983985862 0.00429382566160168 0.00853970452683702
0.0079002765252485 0.00473963469944915 0.00354357507433356 0.00763256213025556
0.0077057874668265 0.0047308879581827 0.00480351796681404 0.00661569621495991
0.0109303125599907 0.00902590427566358 0.00899764909576097 0.0184020445576402
