0.0142483186890381 0.00620209620981182 0.00788566920947128 0.010548036222216
0.00639277570949842 0.00350291967380593 0.00308475115117157 0.00522196553806064
0.00821366468210555 0.00382361493372641 0.00438218402622977 0.00537054028977115
0.00856566860077748 0.00528586810428076 0.00642840280393973 0.0092885952992388
0.00637745554478917 0.00274338909187822 0.00353505089173641 0.00467501509396093
0.00465501662392101 0.0019367669969516 0.00182356228993895 0.00315657084948977
0.0029588481868328 0.00148507918777216 0.00171760638569142 0.00241909513554953
0.00379384857343562 0.00269182491334339 0.0034486307679906 0.00537054028977115
0.00817361633207701 0.00296141868426724 0.00391029210721565 0.00539938127098554
0.00418728891075068 0.00219736402685491 0.00173421179911789 0.00331743257893689
0.00409356857429108 0.00217988464430073 0.00198097955282393 0.00315657084948977
0.00441344127503253 0.00253651545835465 0.00313672660929591 0.00522196553806064
0.00752862711582785 0.00438105300735861 0.00401259790510628 0.00859384125265892
0.00616934807249708 0.00348621144048209 0.00273850514675278 0.00539938127098554
0.00622800682395095 0.00326293803332681 0.00426424960393776 0.00467501509396093
0.0066837046091281 0.00589497317634517 0.00641734966497165 0.010548036222216
0.0081773178483826 0.00429319340504953 0.00458746395134398 0.00641734966497165
0.00316412811194701 0.00281608275932412 0.00144549352728182 0.00313672660929591
0.00405130959646892 0.00282261182280759 0.00232079931365662 0.0034486307679906
0.004353240225118 0.00450145510718769 0.00314284439318987 0.00642840280393973
0.00530782015237086 0.00267408848104577 0.00276904265627391 0.00426424960393776
0.00254736295752798 0.00114438545781176 0.000839164592446604 0.00198097955282393
0.00152075769216216 0.0011588316533933 0.00105817097386071 0.00171760638569142
0.0020954180986051 0.00259394037103999 0.00232079931365662 0.00438218402622977
0.00314870512734039 0.00157263033038912 0.00147788179495574 0.00273850514675278
0.0016056355174473 0.00127003137240709 0.000570701840393907 0.00173421179911789
0.00163714981599351 0.00115806050416297 0.000839164592446604 0.00182356228993895
0.00214297230114221 0.00190329912035521 0.00144549352728182 0.00308475115117157
0.00390098690650299 0.0027827691125738 0.00225304100128484 0.00401259790510628
0.00331702129934738 0.0024439261407662 0.00147788179495574 0.00391029210721565
0.00355587192095535 0.00277366955165589 0.00276904265627391 0.00353505089173641
0.00363190723506603 0.00564877093207471 0.00458746395134398 0.00788566920947128
0.00856931870713439 0.00372033234681069 0.00564877093207471 0.00589497317634517
0.00337490890157092 0.00189481647882157 0.00190329912035521 0.00253651545835465
0.00379127807600118 0.00208791224609655 0.00259394037103999 0.00269182491334339
0.00503180013786092 0.00297905229666748 0.00450145510718769 0.00528586810428076
0.0043555022628603 0.00195568585806906 0.00277366955165589 0.00326293803332681
0.0029918019639423 0.0013056584668484 0.00115806050416297 0.00217988464430073
0.00153895681399798 0.000995656476255184 0.0011588316533933 0.00148507918777216
0.0026968116783662 0.00208791224609655 0.00282261182280759 0.00382361493372641
0.0049070281923933 0.00185014123341104 0.0024439261407662 0.00348621144048209
0.00263969522537299 0.00153145096148942 0.00127003137240709 0.00219736402685491
0.00212729226679213 0.0013056584668484 0.00114438545781176 0.0019367669969516
0.00334961520681605 0.00189481647882157 0.00281608275932412 0.00350291967380593
0.00440475299370413 0.00270719648800133 0.0027827691125738 0.00438105300735861
0.00332344754293348 0.00185014123341104 0.00157263033038912 0.00296141868426724
0.00318510337101203 0.00195568585806906 0.00267408848104577 0.00274338909187822
0.00394967212791124 0.00372033234681069 0.00429319340504953 0.00620209620981182
0.0078370868079604 0.00394967212791124 0.00363190723506603 0.0066837046091281
0.00438012762828222 0.00334961520681605 0.00214297230114221 0.00441344127503253
0.00436290529547148 0.0026968116783662 0.0020954180986051 0.00379384857343562
0.00655924112335262 0.00503180013786092 0.004353240225118 0.00856566860077748
0.00741809572614702 0.00318510337101203 0.00355587192095535 0.00622800682395095
0.00482343561582538 0.00212729226679213 0.00163714981599351 0.00409356857429108
0.00291756599803573 0.00153895681399798 0.00152075769216216 0.0029588481868328
0.00436290529547148 0.00379127807600118 0.00405130959646892 0.00821366468210555
0.00758620625835926 0.00332344754293348 0.00331702129934738 0.00616934807249708
0.00391132030618943 0.00263969522537299 0.0016056355174473 0.00418728891075068
0.00482343561582538 0.0029918019639423 0.00254736295752798 0.00465501662392101
0.00438012762828222 0.00337490890157092 0.00316412811194701 0.00639277570949842
0.00627083131120868 0.00440475299370413 0.00390098690650299 0.00752862711582785
0.00758620625835926 0.0049070281923933 0.00314870512734039 0.00817361633207701
0.00741809572614702 0.0043555022628603 0.00530782015237086 0.00637745554478917
0.0078370868079604 0.00856931870713439 0.0081773178483826 0.0142483186890381
