0.0143796595525428 0.00528597428680586 0.00683480451347875 0.00867534967455424
0.00567302438915391 0.00325419743095888 0.000631241215418102 0.00433752422879696
0.00633153943116218 0.00368551273479588 0.0047675251313525 0.00461297344734158
0.00618238226907722 0.00374101880557727 0.00549292403023473 0.00630073315112811
0.00515417817498011 0.00412820582472547 0.00556156042215064 0.00490401748942345
0.00438103638788508 0.00341599201369781 0.000573215875513931 0.00414474537418376
0.000598750858742171 0.000667989684578743 0.00077475740533682 0.000790571295754309
0.00287313059277745 0.00367599701718536 0.00443565249946548 0.00461297344734158
0.00728127650709251 0.00393853498147571 0.00595926265155047 0.00464575132929783
0.00497321524021998 0.00464439585297633 0.000730355287047715 0.00473202260507324
0.0057910192875244 0.00502388814795602 0.00460604545725392 0.00414474537418376
0.00332336779839538 0.00304919190609216 0.00488480806236221 0.00433752422879696
0.00555413953158243 0.00286425838412764 0.00313351896330542 0.00547657616429665
0.00427703438649006 0.0034139930284156 0.000525719437541404 0.00464575132929783
0.00478213415392866 0.00342229018650478 0.00465443185442743 0.00490401748942345
0.00493820561442126 0.00436646844034896 0.00373599395901171 0.00867534967455424
0.00691353167356581 0.00314501997451814 0.00448402520495897 0.00373599395901171
0.0059437362864133 0.00446069458221317 0.00114571978366707 0.00488480806236221
0.00595853699250967 0.00533882417166431 0.00653965296739233 0.00443565249946548
0.00351910405589185 0.0038135710179775 0.00493920510706237 0.00549292403023473
0.00458051047402568 0.00467851551957406 0.00649241667134009 0.00465443185442743
0.00615918856313157 0.00399454764441765 0.00122708943799706 0.00460604545725392
0.000730273136967624 0.000889206158583391 0.000999807549745707 0.00077475740533682
0.00276031114945268 0.00553015170819591 0.00653965296739233 0.0047675251313525
0.000596998323700232 0.000405930929088927 0.000984445484768718 0.000525719437541404
0.00066382741385414 0.00115707018639963 0.000311773245624796 0.000730355287047715
0.000698193530692146 0.000896161532031083 0.00122708943799706 0.000573215875513931
0.000418089140942373 0.000636895879264356 0.00114571978366707 0.000631241215418102
0.00352453965285786 0.00263820874707765 0.00263196534099074 0.00313351896330542
0.00589358366251783 0.0056545680044935 0.000984445484768718 0.00595926265155047
0.00523001639058398 0.00497750073606472 0.00649241667134009 0.00556156042215064
0.00328230645002997 0.00478962350289694 0.00448402520495897 0.00683480451347875
0.00690101747803197 0.00289918585984627 0.00478962350289694 0.00436646844034896
0.00383761360808409 0.00257046231436273 0.000636895879264356 0.00304919190609216
0.00580436867553917 0.00347715274832545 0.00553015170819591 0.00367599701718536
0.00274583904367668 0.00255876961962979 0.0038135710179775 0.00374101880557727
0.00375657255407447 0.00316428416829944 0.00497750073606472 0.00342229018650478
0.00456210885608533 0.00354270851223795 0.000896161532031083 0.00502388814795602
0.000583019118404772 0.00072320823007981 0.000889206158583391 0.000667989684578743
0.00256341109915493 0.00347715274832545 0.00533882417166431 0.00368551273479588
0.00522871568098254 0.00254603635721571 0.0056545680044935 0.0034139930284156
0.00447100441726457 0.00374255227373896 0.00115707018639963 0.00464439585297633
0.00504370000893793 0.00354270851223795 0.00399454764441765 0.00341599201369781
0.00222377528469932 0.00257046231436273 0.00446069458221317 0.00325419743095888
0.00312229178569301 0.00161108629570173 0.00263820874707765 0.00286425838412764
0.00319754125905622 0.00254603635721571 0.000405930929088927 0.00393853498147571
0.00441667583096449 0.00316428416829944 0.00467851551957406 0.00412820582472547
0.00254654294937627 0.00289918585984627 0.00314501997451814 0.00528597428680586
0.00698472840964455 0.00254654294937627 0.00328230645002997 0.00493820561442126
0.00428207292473563 0.00222377528469932 0.000418089140942373 0.00332336779839538
0.00373124294604646 0.00256341109915493 0.00276031114945268 0.00287313059277745
0.00458445367787004 0.00274583904367668 0.00351910405589185 0.00618238226907722
0.0047935667067413 0.00441667583096449 0.00523001639058398 0.00478213415392866
0.00531824557660155 0.00504370000893793 0.000698193530692146 0.0057910192875244
0.000598997308982443 0.000583019118404772 0.000730273136967624 0.000598750858742171
0.00373124294604646 0.00580436867553917 0.00595853699250967 0.00633153943116218
0.00585739655223781 0.00319754125905622 0.00589358366251783 0.00427703438649006
0.00520367359823485 0.00447100441726457 0.00066382741385414 0.00497321524021998
0.00531824557660155 0.00456210885608533 0.00615918856313157 0.00438103638788508
0.00428207292473563 0.00383761360808409 0.0059437362864133 0.00567302438915391
0.00555850717750726 0.00312229178569301 0.00352453965285786 0.00555413953158243
0.00585739655223781 0.00522871568098254 0.000596998323700232 0.00728127650709251
0.0047935667067413 0.00375657255407447 0.00458051047402568 0.00515417817498011
0.00698472840964455 0.00690101747803197 0.00691353167356581 0.0143796595525428
